80
1 2 2 -0.069836 3 0.013181 -0.112242 0.023985 4 -0.079870 3 0.114216 -0.110087 -0.020888 
2 3 1 0.006232 2 -0.146608 0.060628 3 0.117593 2 0.123083 0.114345 5 0.172619 4 -0.102567 -0.070903 -0.010216 -0.039512 
3 2 2 0.006868 3 -0.052755 -0.252453 0.063668 6 -0.028464 4 -0.023442 0.069336 0.026453 -0.297854 
4 3 1 0.014671 2 -0.030131 0.078608 5 0.036850 4 0.104517 -0.031722 0.052052 0.023798 8 -0.175959 3 0.092187 0.196360 -0.091144 
5 4 2 -0.144974 3 0.209994 0.021446 -0.079903 4 -0.126167 3 -0.081034 0.011777 0.013802 6 -0.181504 4 0.041091 0.082701 0.036159 -0.102451 9 -0.054730 4 -0.069016 -0.075889 -0.059045 0.035515 
6 4 3 -0.087404 2 0.034072 -0.022754 5 -0.089811 4 -0.099884 -0.032585 0.059705 -0.012961 7 0.056392 3 0.144034 -0.081839 0.029418 10 -0.062715 4 0.115137 -0.086027 -0.005610 -0.121475 
7 3 6 0.030561 4 -0.093110 -0.144729 -0.093475 0.036763 11 -0.027530 5 -0.024015 0.058304 0.102774 0.036256 0.077548 17 -0.217295 3 0.075498 0.235732 0.075720 
8 3 4 -0.039353 3 -0.149200 0.029577 0.066741 9 0.043553 4 0.094266 0.081714 -0.049191 0.002769 12 0.197808 3 0.034520 0.021574 0.202900 
9 4 5 -0.167039 4 -0.160452 0.085568 0.118642 -0.059060 8 -0.175355 3 0.049566 -0.008900 -0.103343 10 -0.147339 4 0.010067 0.166813 -0.039915 0.062752 13 0.026271 4 -0.112134 -0.092166 -0.123905 -0.143468 
10 4 6 -0.139234 4 -0.094252 -0.089964 -0.044206 -0.164354 9 -0.092604 4 -0.050685 -0.077492 -0.079373 -0.031684 11 -0.047354 5 0.117177 -0.000480 0.042103 0.158550 0.068460 14 -0.042497 3 0.012939 0.108602 0.222987 
11 5 7 -0.016785 3 -0.051696 0.084837 -0.081399 10 -0.010151 4 -0.124847 -0.067741 -0.007373 -0.196173 14 -0.071201 3 -0.159859 -0.005707 0.060056 16 0.019073 3 0.078545 0.043734 -0.017980 77 -0.191821 3 0.053002 0.249285 0.197681 
12 3 8 -0.015355 3 -0.005938 0.141443 -0.062058 13 0.007985 4 0.035080 0.014442 0.076330 -0.121494 15 -0.073112 2 0.062426 0.016863 
13 4 9 -0.143979 4 0.032876 -0.102861 -0.039358 -0.154414 12 0.020279 3 -0.073386 -0.096990 -0.034963 14 0.113300 3 0.016924 0.084796 -0.106906 15 0.332554 2 0.029362 0.108649 
14 3 10 0.020367 4 0.096132 -0.159445 0.073202 -0.016877 11 -0.025052 5 0.138141 0.092930 -0.034885 0.026942 0.051085 13 -0.017711 4 -0.246118 -0.061399 -0.039545 -0.114475 
15 2 12 0.131243 3 -0.223237 0.084004 -0.061379 13 -0.036531 4 0.117216 -0.095824 0.095313 0.070345 
16 3 11 -0.222009 5 0.055990 -0.103800 -0.017832 -0.046994 -0.095989 39 0.098339 4 -0.044503 -0.162117 -0.015739 -0.019746 40 -0.172485 4 -0.083137 0.063733 -0.104860 -0.024818 
17 3 7 0.130742 3 0.052491 0.021322 -0.239738 19 -0.106355 4 -0.077242 -0.040610 -0.055332 -0.135297 20 0.192081 4 -0.004312 -0.016763 0.127959 0.011222 
18 2 19 0.037100 4 0.070548 -0.013040 -0.182546 -0.147328 35 0.024520 3 -0.075140 -0.043373 0.057635 
19 4 17 0.007373 3 -0.083446 -0.062880 0.025585 18 -0.014542 2 -0.056205 -0.122842 20 -0.046096 4 -0.055404 -0.068028 0.069116 0.022194 34 -0.045558 4 0.054593 -0.045975 0.211671 0.010910 
20 4 17 0.064273 3 -0.091983 -0.132361 0.009865 19 -0.022154 4 -0.040664 -0.135189 -0.046982 -0.162801 21 -0.017248 4 0.068242 0.194371 0.074024 -0.032318 37 0.008821 3 0.135965 0.029103 -0.221899 
21 4 20 0.061887 4 -0.014463 0.007870 0.056222 -0.016428 22 2.000000 4 2.000000 2.000000 2.000000 2.000000 34 -0.033044 4 0.117370 -0.132840 0.245921 0.135220 45 -0.168221 4 -0.024677 0.028802 -0.087267 -0.093076 
22 4 21 -0.086957 4 0.007616 0.098566 0.092584 0.213150 23 2.000000 4 2.000000 2.000000 2.000000 2.000000 33 0.213300 4 -0.032583 -0.022301 -0.273430 -0.030855 50 0.084006 4 0.014611 0.003773 -0.064765 -0.128741 
23 4 22 2.000000 4 2.000000 2.000000 2.000000 2.000000 24 -0.099414 4 -0.041102 0.220055 -0.092905 0.000266 29 0.040474 4 -0.115762 0.116453 0.078644 0.016034 51 0.119810 3 -0.004754 0.147887 0.057777 
24 4 23 2.000000 4 2.000000 2.000000 2.000000 2.000000 25 -0.009738 4 -0.000353 0.013666 0.153898 0.049484 26 -0.121860 3 0.026886 0.056857 -0.009859 54 -0.012831 4 -0.098722 0.036761 -0.162230 -0.069415 
25 4 24 0.061435 4 0.105794 -0.069458 0.027011 -0.021527 26 -0.095707 3 0.027746 0.042360 -0.050092 27 0.002008 2 -0.212457 0.102115 29 0.144953 4 -0.055792 0.028480 0.096956 -0.108240 
26 3 24 0.057187 4 0.125617 0.074117 0.012238 -0.035879 25 0.201151 4 0.120519 0.044578 0.053234 0.269288 36 -0.087586 2 0.055464 0.117652 
27 2 25 0.044551 4 -0.005068 0.180227 -0.009510 -0.099499 28 -0.091482 3 -0.001664 -0.171605 0.125760 
28 3 27 0.107475 2 -0.118416 0.028164 29 -0.013570 4 0.091435 0.048275 0.037355 -0.086448 31 0.008252 3 -0.005505 0.093040 -0.076358 
29 4 23 2.000000 4 2.000000 2.000000 2.000000 2.000000 25 0.110295 4 -0.123570 -0.069867 0.085444 -0.027457 28 -0.044471 3 0.022287 -0.174483 -0.077263 30 -0.015889 3 -0.069948 -0.126593 0.117397 
30 3 29 0.030928 4 0.103989 -0.156722 0.024987 -0.096555 31 -0.231540 3 -0.016575 0.004568 0.170956 33 -0.106659 4 0.037044 -0.065645 0.083138 0.087600 
31 3 28 0.103577 3 0.013831 0.224223 -0.016677 30 -0.066758 3 -0.045905 0.054619 -0.130230 32 -0.076197 3 -0.041152 -0.054008 0.136647 
32 3 31 -0.042211 3 0.070685 0.060757 0.091982 33 -0.049133 4 0.089939 0.003272 -0.141586 -0.168086 35 0.143608 3 0.003778 0.166346 0.083100 
33 4 22 2.000000 4 2.000000 2.000000 2.000000 2.000000 30 -0.063916 3 0.104765 0.179382 -0.048512 32 0.065775 3 -0.063363 0.110190 -0.071702 34 0.175284 4 0.220002 0.089062 -0.063543 -0.037350 
34 4 19 -0.041205 4 0.052188 0.071290 0.116841 0.033997 21 0.008010 4 -0.101473 0.009315 -0.153621 0.057622 33 0.128305 4 0.057206 0.014668 -0.092572 0.127314 35 0.009364 3 0.098792 -0.071186 -0.133430 
35 3 18 0.189017 2 0.100424 0.060851 32 -0.153503 3 0.003592 0.025535 0.069716 34 0.158010 4 -0.043118 0.155391 0.034665 -0.076649 
36 2 26 -0.091524 3 -0.049345 0.150454 -0.064986 55 0.024478 3 -0.106049 0.115473 0.031926 
37 3 20 -0.076072 4 0.220353 -0.026791 0.063805 -0.001937 38 0.112784 3 0.043226 -0.158974 0.024965 44 -0.077425 4 0.076311 -0.000573 -0.035969 0.002590 
38 3 37 0.223247 3 -0.208926 0.124187 0.034214 39 0.113833 4 0.055059 0.065470 0.028681 0.141836 44 -0.136383 4 -0.111893 -0.007469 0.108412 -0.001455 
39 4 16 -0.006302 3 0.064293 -0.161987 0.034875 38 -0.002395 3 0.108341 -0.224012 -0.023564 40 -0.015408 4 -0.125317 -0.103020 0.059284 0.109025 43 -0.058157 4 -0.020946 -0.051922 0.180225 -0.008613 
40 4 16 0.187983 3 0.038061 -0.034793 0.050733 39 -0.079521 4 -0.122217 0.002156 -0.088571 -0.019162 41 0.093743 3 0.068951 0.195933 -0.045204 42 0.046922 4 0.053325 -0.045706 0.008945 0.278259 
41 3 40 -0.115573 4 0.018133 -0.059695 0.100222 0.092481 42 -0.085984 4 -0.152168 -0.064009 -0.044802 -0.025367 71 -0.165347 4 0.010491 -0.056036 0.043344 0.047076 
42 4 40 0.100441 4 -0.084257 0.037592 -0.112186 0.082489 41 0.033439 3 -0.021385 0.072003 -0.099347 43 -0.112221 4 0.078186 -0.027627 -0.007264 -0.027172 47 0.043357 3 0.067124 0.180272 0.089610 
43 4 39 -0.049766 4 0.002945 -0.074758 0.008405 -0.099762 42 0.080636 4 -0.008736 0.094207 -0.008750 0.119278 44 -0.147987 4 -0.049817 0.043755 0.033004 -0.140014 46 0.015270 4 -0.052188 0.100492 -0.113779 -0.015325 
44 4 37 -0.100146 3 -0.097425 -0.097950 -0.092145 38 0.123632 3 0.082314 0.000657 0.037413 43 0.133159 4 -0.055520 -0.012464 0.083697 -0.128748 45 0.000857 4 -0.075851 0.102058 0.169443 -0.086319 
45 4 21 -0.100908 4 0.043928 -0.124688 0.065770 0.013313 44 -0.177839 4 -0.101379 0.050897 0.126450 -0.015761 46 0.169007 4 -0.089863 -0.111797 -0.124188 0.039846 50 0.092440 4 0.033939 -0.078358 0.075403 -0.106558 
46 4 43 0.167730 4 0.148736 -0.212773 -0.027377 0.075331 45 -0.029139 4 0.001228 0.004907 -0.050852 0.196526 47 0.061183 3 -0.046034 0.069800 0.121126 49 0.101309 4 -0.033976 0.144865 0.044391 -0.148780 
47 3 42 -0.041140 4 -0.047128 -0.014522 0.063792 0.071271 46 0.083499 4 0.069706 -0.144700 -0.152575 0.134551 48 -0.004081 4 0.082345 0.041218 0.154619 0.184695 
48 4 47 0.014448 3 -0.077230 0.004190 0.043107 49 0.030234 4 0.012037 0.020281 0.019415 0.108657 53 0.055042 3 -0.274872 -0.000589 -0.025043 60 -0.190538 4 -0.046870 0.014401 0.053421 -0.028494 
49 4 46 0.049905 4 0.001813 -0.164992 -0.111429 -0.037331 48 -0.073846 4 -0.017038 -0.106698 -0.118064 0.061292 50 0.019773 4 0.013483 0.137690 0.054574 -0.116564 52 0.177284 4 -0.221857 0.013924 -0.022714 0.055456 
50 4 22 2.000000 4 2.000000 2.000000 2.000000 2.000000 45 -0.072224 4 0.091397 -0.020018 0.014879 -0.072136 49 0.022074 4 0.120129 0.005189 -0.053259 -0.045745 51 0.186379 3 0.181827 0.050796 0.042044 
51 3 23 2.000000 4 2.000000 2.000000 2.000000 2.000000 50 0.022035 4 0.033693 0.045433 0.047225 0.000638 52 0.090864 4 0.171159 -0.023943 -0.084344 -0.041275 
52 4 49 0.123288 4 0.118297 0.078152 0.117196 -0.021415 51 -0.059117 3 0.015094 -0.181431 0.094560 53 -0.023098 3 -0.010749 0.005604 0.101349 54 0.006983 4 -0.027337 0.043084 -0.071785 -0.053184 
53 3 48 -0.106447 4 0.054166 -0.021177 -0.156565 -0.053787 52 -0.174777 4 0.290951 0.049283 0.021510 -0.040901 59 -0.105818 4 -0.181945 0.013560 -0.307896 -0.092338 
54 4 24 0.160852 4 -0.145512 -0.021329 0.107362 0.051595 52 0.092698 4 -0.044367 -0.162654 -0.053317 -0.118558 55 -0.072408 3 0.042948 -0.058562 0.141674 58 0.090239 4 -0.011738 -0.151886 0.007924 0.071737 
55 3 36 -0.102025 2 -0.049594 0.061774 54 -0.080841 4 0.033930 0.038445 -0.032655 -0.012764 56 0.073959 2 -0.013427 -0.012848 
56 2 55 0.039678 3 -0.145573 -0.001827 -0.119044 57 0.093579 3 0.012795 -0.116645 0.136277 
57 3 56 -0.225720 2 0.082098 -0.053919 58 -0.102212 4 0.206461 0.113936 0.085340 -0.207275 67 0.034791 3 -0.126575 -0.070228 -0.032769 
58 4 54 0.006727 4 -0.131155 0.065508 -0.052271 -0.016537 57 -0.017188 3 -0.054855 -0.008826 0.137218 59 -0.063962 4 -0.183047 -0.096146 -0.047091 0.055474 65 -0.028516 4 -0.102309 -0.052478 0.070348 -0.122793 
59 4 53 -0.022248 3 0.104761 0.034218 0.056991 58 -0.060495 4 -0.001489 -0.099745 -0.159953 0.015338 60 0.010643 4 0.071556 0.072420 -0.008605 0.164814 64 -0.077193 4 0.018503 -0.040299 0.010522 -0.061597 
60 4 48 0.016657 4 0.068753 0.155675 0.104009 0.024826 59 0.112570 4 -0.136080 -0.063667 0.040304 -0.007660 61 0.038719 4 0.138244 0.066086 -0.143369 0.063298 71 0.029639 4 0.066861 0.175070 0.008533 0.026302 
61 4 60 -0.164401 4 -0.157541 -0.046034 -0.149355 -0.014797 62 -0.119779 3 -0.077948 -0.128808 -0.000449 64 -0.101676 4 -0.084070 0.126778 0.222738 0.015266 70 -0.055651 4 0.028226 -0.195834 0.149739 -0.062383 
62 3 61 -0.063708 4 0.039090 -0.020130 0.034356 -0.008639 63 -0.164476 3 0.013069 -0.106406 0.013269 69 0.099736 2 -0.148837 -0.010857 
63 3 62 -0.182255 3 0.018259 -0.027845 0.032572 64 0.028007 4 0.088500 -0.159400 -0.145536 -0.061978 66 0.006759 3 0.042821 0.034570 -0.035534 
64 4 59 0.041113 4 0.058010 0.207877 -0.107905 -0.084608 61 0.112907 4 -0.183000 0.013361 0.079479 -0.037150 63 0.096707 3 0.109005 -0.023156 0.024370 65 -0.087489 4 0.101388 0.058791 0.031569 0.142648 
65 4 58 0.069522 4 -0.091406 -0.046475 0.029620 -0.035704 64 0.000951 4 -0.056386 0.072038 -0.050764 0.039506 66 -0.110032 3 -0.018337 -0.043580 0.045725 67 -0.047723 3 0.029110 -0.197371 -0.033906 
66 3 63 0.013991 3 -0.107861 0.011190 -0.071747 65 -0.089070 4 -0.001416 0.125358 0.170175 0.079855 68 0.160283 2 -0.159812 0.146720 
67 3 57 0.114843 3 0.107507 0.025344 0.243047 65 0.013874 4 -0.046095 0.179368 -0.110650 -0.039723 68 0.040614 2 -0.117255 0.056261 
68 2 66 0.037753 3 0.036394 -0.065122 -0.140697 67 0.054328 3 -0.269761 -0.095362 -0.143453 
69 2 62 0.059331 3 0.066108 0.107743 -0.200216 70 0.120367 4 -0.174739 -0.047895 0.094734 0.125320 
70 4 61 0.075136 4 0.147047 -0.039639 -0.065761 -0.103376 69 0.058042 2 0.055093 0.076480 71 0.006367 4 -0.153015 -0.013983 -0.053131 0.060216 80 0.059722 2 0.114389 0.119951 
71 4 41 0.069688 3 0.048749 -0.041872 -0.047766 60 0.173969 4 -0.117434 0.116435 -0.089836 -0.194734 70 -0.043304 4 -0.082701 0.145106 0.025283 -0.036676 72 0.004173 3 0.020430 0.038844 0.043795 
72 3 71 0.094324 4 -0.018028 0.228442 0.105823 -0.247695 73 -0.022795 3 -0.095141 -0.003249 0.049718 74 0.017243 3 -0.028475 -0.004586 -0.032492 
73 3 72 0.057682 3 -0.131637 0.212976 -0.019612 74 -0.049347 3 0.232466 -0.089022 -0.025718 76 0.039661 3 -0.130884 -0.085560 0.090204 
74 3 72 0.058503 3 0.075576 -0.087547 0.015096 73 0.167126 3 -0.044040 0.082765 -0.076932 75 -0.119060 3 0.155578 -0.155035 0.029075 
75 3 74 -0.019315 3 -0.151302 -0.072565 -0.107561 76 -0.144561 3 0.154882 -0.016252 0.032582 77 -0.122914 3 -0.144191 -0.096007 0.034758 
76 3 73 0.014101 3 -0.010312 0.066063 0.115711 75 -0.028859 3 -0.091939 -0.097052 0.045610 79 0.015221 3 -0.012082 0.001290 -0.088556 
77 3 11 -0.106708 5 -0.094859 0.044680 0.156015 -0.034652 0.110817 75 -0.006397 3 0.136971 0.107200 0.151642 78 0.163290 2 0.035878 -0.161424 
78 2 77 0.136890 3 -0.082377 -0.015456 -0.145195 79 0.141390 3 -0.052420 0.127470 -0.078047 
79 3 76 -0.048455 3 0.020298 0.028128 0.184525 78 0.059073 2 -0.025182 0.064536 80 0.078000 2 -0.123135 -0.087714 
80 2 70 -0.168352 4 0.032655 0.052435 -0.047217 0.027473 79 -0.065724 3 -0.067273 0.057425 -0.070235 
