80
1 2 2 0.025130 3 -0.068169 0.132581 -0.034383 4 0.143288 3 0.045466 -0.048881 -0.154366 
2 3 1 0.035241 2 -0.047844 -0.056153 3 0.021376 2 0.020108 -0.050305 5 0.012683 4 0.101039 -0.205581 0.038899 -0.053222 
3 2 2 -0.172641 3 0.096460 0.006824 0.163185 6 -0.106718 4 -0.040852 -0.031751 0.047525 0.105348 
4 3 1 -0.110945 2 -0.120793 -0.265005 5 0.122862 4 -0.019041 0.024891 0.152319 -0.026070 8 0.000205 3 0.009181 0.067047 -0.061848 
5 4 2 0.078431 3 -0.101400 -0.022992 -0.177664 4 0.165579 3 0.050555 -0.103635 -0.155561 6 -0.015855 4 0.005854 0.047840 -0.023453 0.053090 9 -0.010384 4 0.075418 0.068187 -0.020792 0.026535 
6 4 3 -0.020514 2 -0.055227 0.150969 5 -0.087394 4 -0.071997 -0.115256 -0.062618 -0.069426 7 -0.082625 3 -0.127855 -0.127694 0.172934 10 0.137843 4 0.006713 -0.092377 0.106711 -0.095845 
7 3 6 -0.062122 4 0.153424 -0.029163 -0.076865 0.132030 11 0.204414 5 -0.055770 0.000894 0.072716 0.029038 -0.063905 17 0.035364 3 -0.210629 -0.078210 0.068250 
8 3 4 0.148583 3 0.107642 0.024563 0.092711 9 -0.089154 4 0.032281 0.145225 0.149913 -0.058331 12 -0.037614 3 0.002016 0.060128 0.128333 
9 4 5 -0.174260 4 0.014765 -0.051483 -0.002990 -0.133298 8 0.016947 3 -0.053220 -0.085953 0.018231 10 0.051494 4 -0.024413 0.114566 0.019643 -0.113353 13 0.026200 4 0.043926 -0.099521 0.020732 0.244526 
10 4 6 0.022255 4 -0.043764 0.020167 0.114581 -0.101509 9 -0.016499 4 0.125432 -0.040083 0.083270 -0.053380 11 0.068540 5 0.173071 0.119320 -0.068613 0.182921 -0.027944 14 0.035579 3 0.080661 0.017788 -0.000487 
11 5 7 0.044513 3 0.203099 -0.153862 -0.151745 10 -0.059854 4 0.081188 -0.216356 0.082166 0.130702 14 -0.012535 3 -0.148640 -0.003253 -0.059876 16 0.023864 3 0.093268 -0.063327 0.080379 77 -0.217804 3 -0.076430 0.107740 0.037281 
12 3 8 -0.155725 3 -0.118589 -0.115110 0.005665 13 0.014114 4 -0.197805 0.091575 0.147646 0.066135 15 -0.037868 2 -0.114747 0.024049 
13 4 9 -0.052040 4 0.223771 0.125768 0.054580 0.087411 12 0.034995 3 0.134341 0.019208 -0.010652 14 -0.055409 3 -0.026978 0.016153 -0.023228 15 0.114814 2 -0.076412 -0.092966 
14 3 10 0.066819 4 0.060787 -0.056511 -0.094118 -0.137134 11 -0.092037 5 -0.137356 0.068661 -0.036405 0.061905 0.121540 13 0.025530 4 -0.026683 0.072545 0.289595 -0.033537 
15 2 12 0.033818 3 0.044761 -0.030547 0.111695 13 -0.009077 4 -0.040022 -0.041715 0.066298 -0.002175 
16 3 11 0.107719 5 -0.068464 -0.216682 -0.140787 -0.054066 0.078831 39 -0.107922 4 0.069893 0.054619 0.102782 -0.019937 40 0.043410 4 0.038157 -0.006185 0.044923 -0.018550 
17 3 7 -0.022373 3 0.103277 -0.156169 0.236192 19 0.166128 4 -0.027026 -0.123211 -0.114503 -0.004127 20 -0.042508 4 0.130180 -0.094331 0.041902 -0.082577 
18 2 19 0.029864 4 0.095467 -0.055167 -0.079751 0.217641 35 0.133364 3 0.027948 0.130821 0.095749 
19 4 17 -0.044117 3 0.021027 0.135340 -0.011408 18 0.053531 2 0.054606 -0.155378 20 -0.018570 4 -0.122196 0.076523 -0.035410 -0.041017 34 -0.079666 4 0.038424 -0.262905 -0.036030 -0.107987 
20 4 17 0.162967 3 0.047233 0.003055 -0.153200 19 0.086949 4 -0.009935 -0.022578 0.052434 -0.062570 21 -0.116341 4 -0.134949 -0.007558 0.050130 0.036090 37 0.223566 3 0.066060 -0.093675 -0.085192 
21 4 20 0.050932 4 -0.066913 0.061726 0.028364 0.035098 22 2.000000 4 2.000000 2.000000 2.000000 2.000000 34 -0.093800 4 0.101750 0.067766 -0.017416 0.016161 45 -0.003279 4 0.222808 0.144168 -0.044854 -0.186463 
22 4 21 0.166109 4 -0.039242 0.013423 -0.199763 0.130288 23 2.000000 4 2.000000 2.000000 2.000000 2.000000 33 0.030444 4 0.141933 -0.001165 -0.039217 0.075141 50 -0.167601 4 0.073108 -0.012809 -0.055633 0.025759 
23 4 22 2.000000 4 2.000000 2.000000 2.000000 2.000000 24 -0.173213 4 0.186149 -0.145503 0.171803 -0.183623 29 0.045313 4 -0.083693 0.057447 0.110951 -0.086349 51 -0.106199 3 -0.018380 -0.081618 -0.154122 
24 4 23 2.000000 4 2.000000 2.000000 2.000000 2.000000 25 0.059223 4 0.114096 -0.048137 0.003058 0.211302 26 -0.001775 3 0.034177 -0.002620 0.072028 54 -0.031156 4 0.024032 -0.120641 0.073428 0.000840 
25 4 24 -0.008421 4 -0.008899 0.076192 0.019552 -0.054796 26 -0.015385 3 -0.120740 0.065119 0.078745 27 -0.217130 2 0.020324 0.009173 29 -0.078170 4 -0.008974 -0.011831 -0.021005 0.143359 
26 3 24 -0.040610 4 0.116061 -0.037285 0.073972 -0.057978 25 0.051079 4 -0.071681 -0.012226 0.020727 -0.056547 36 0.036166 2 -0.143922 0.080034 
27 2 25 -0.148734 4 -0.044613 0.002296 0.058473 0.008338 28 -0.175733 3 0.002266 0.035749 0.054872 
28 3 27 -0.172815 2 -0.057649 0.035201 29 -0.028118 4 0.060673 0.035275 -0.152270 0.114741 31 -0.103859 3 -0.104030 0.194526 -0.066142 
29 4 23 2.000000 4 2.000000 2.000000 2.000000 2.000000 25 0.014679 4 -0.021956 0.108934 -0.135814 0.046377 28 -0.086942 3 0.073568 0.053794 -0.072712 30 -0.042668 3 0.045516 -0.097955 0.029880 
30 3 29 0.046852 4 -0.055178 0.018929 -0.081578 0.041313 31 0.020345 3 -0.049195 -0.085188 -0.220647 33 0.076586 4 0.047055 0.173847 -0.055537 0.143887 
31 3 28 0.095289 3 -0.018470 -0.081223 0.008264 30 -0.160065 3 -0.040827 0.069441 -0.085928 32 -0.066216 3 0.012940 0.028777 0.012725 
32 3 31 -0.015319 3 0.028654 -0.042358 -0.147896 33 0.039334 4 0.033808 -0.094563 0.111362 -0.030801 35 0.010209 3 0.086274 0.172426 -0.033935 
33 4 22 2.000000 4 2.000000 2.000000 2.000000 2.000000 30 -0.025631 3 -0.060178 0.111171 0.031690 32 0.110496 3 0.003728 0.014222 -0.073902 34 0.083433 4 0.104985 -0.045989 0.111011 -0.048615 
34 4 19 0.023886 4 0.145592 0.029713 -0.310270 -0.018259 21 -0.037659 4 0.125997 -0.031887 -0.065064 0.044884 33 -0.054648 4 0.146400 0.074193 0.011328 0.051522 35 0.184521 3 0.051833 -0.018015 0.039760 
35 3 18 -0.065518 2 -0.001293 0.070147 32 -0.172468 3 0.062109 -0.142754 -0.054693 34 0.061003 4 -0.123050 0.009607 -0.227772 -0.011804 
36 2 26 0.250979 3 0.105815 0.043629 0.141152 55 0.065415 3 -0.001461 -0.053779 -0.183476 
37 3 20 -0.016254 4 0.263553 0.029077 0.106560 0.053523 38 -0.084325 3 -0.038734 -0.031964 -0.252452 44 -0.129661 4 -0.100628 -0.042416 -0.066121 0.072757 
38 3 37 -0.072990 3 0.045661 -0.050617 -0.118465 39 0.118193 4 0.078179 -0.008038 0.033416 0.034604 44 -0.005957 4 -0.011949 0.071620 0.022794 0.004666 
39 4 16 -0.010337 3 -0.106475 0.003986 0.091686 38 -0.059826 3 -0.040876 0.040108 0.063498 40 -0.049871 4 0.333058 -0.071846 -0.020397 -0.042991 43 0.069134 4 -0.153297 0.018370 0.032542 -0.036246 
40 4 16 -0.027022 3 -0.004495 -0.010238 -0.030221 39 -0.020145 4 -0.085359 -0.071930 -0.091703 0.069891 41 0.046260 3 -0.002588 0.032805 -0.070106 42 -0.017689 4 -0.216634 0.004977 0.062612 0.114358 
41 3 40 -0.037836 4 -0.182166 0.029689 0.015851 0.004615 42 0.202149 4 -0.011061 0.194465 -0.115797 0.020139 71 -0.077406 4 0.044179 -0.197672 0.043881 0.145803 
42 4 40 0.161990 4 -0.028683 -0.029127 -0.145621 0.030305 41 -0.003436 3 0.103655 -0.125742 -0.135143 43 -0.057742 4 -0.060042 0.009606 0.112074 0.056206 47 -0.197438 3 -0.008226 -0.084358 0.006090 
43 4 39 0.019941 4 0.053887 -0.072178 0.023000 0.027013 42 -0.071855 4 0.132660 0.155613 -0.186323 0.109446 44 -0.002938 4 -0.064948 -0.131239 -0.060638 -0.047735 46 0.132228 4 0.031242 -0.021576 -0.135212 -0.034827 
44 4 37 -0.082368 3 -0.190729 0.158232 -0.064368 38 0.155739 3 0.069539 0.066729 -0.065441 43 -0.064709 4 -0.152724 -0.153157 0.080701 -0.011968 45 -0.092869 4 0.106290 -0.046791 -0.292729 -0.108513 
45 4 21 0.060700 4 0.079572 0.020782 0.187070 0.034652 44 0.050276 4 -0.179311 0.248268 0.107295 -0.145995 46 0.046900 4 0.022100 -0.004452 -0.075776 -0.181365 50 -0.100343 4 -0.094692 0.027456 -0.055591 -0.085714 
46 4 43 -0.185121 4 0.004914 0.260577 0.024564 0.076933 45 -0.044021 4 -0.054138 -0.155741 -0.112709 0.054229 47 -0.047582 3 0.004817 -0.004714 0.086092 49 -0.012097 4 0.208114 0.096293 -0.033480 0.030113 
47 3 42 -0.155009 4 0.094112 0.007040 0.147342 0.123602 46 0.046954 4 0.059916 -0.155639 -0.119607 -0.100894 48 0.095576 4 0.104762 -0.002593 0.190112 -0.012038 
48 4 47 0.073697 3 -0.001054 -0.022409 0.128392 49 -0.019037 4 0.105382 0.018659 -0.050026 -0.037539 53 0.007365 3 -0.036302 0.068123 0.101390 60 0.077184 4 0.164503 0.103825 -0.107794 0.100604 
49 4 46 -0.136920 4 0.012645 -0.070917 -0.020085 -0.014434 48 0.008220 4 0.000196 0.014172 -0.013550 -0.044465 50 0.158899 4 0.123250 0.144707 0.054511 0.006984 52 -0.032195 4 0.142217 -0.036880 -0.030137 0.005678 
50 4 22 2.000000 4 2.000000 2.000000 2.000000 2.000000 45 -0.237125 4 0.099611 -0.010187 0.054923 -0.010013 49 -0.114474 4 0.022301 -0.197804 0.139671 0.100656 51 -0.066574 3 -0.106020 -0.247485 0.165683 
51 3 23 2.000000 4 2.000000 2.000000 2.000000 2.000000 50 -0.165194 4 0.005908 0.093387 0.059292 0.041365 52 0.116574 4 0.117364 0.047600 -0.170497 0.067967 
52 4 49 -0.080087 4 -0.034034 0.019393 0.021959 0.034322 51 0.007628 3 -0.055771 -0.057144 -0.107418 53 -0.012692 3 0.109703 0.009393 0.045322 54 -0.071076 4 0.103483 -0.115603 -0.113477 -0.017627 
53 3 48 0.017838 4 0.069062 -0.086893 -0.075154 0.053418 52 0.009622 4 0.031429 0.055712 0.069253 0.104453 59 2.000000 4 2.000000 2.000000 2.000000 2.000000 
54 4 24 0.190175 4 -0.173674 0.014468 0.036828 -0.170140 52 -0.036995 4 0.009321 0.106744 -0.152081 0.004226 55 0.051102 3 -0.057606 0.070695 -0.112231 58 2.000000 4 2.000000 2.000000 2.000000 2.000000 
55 3 36 -0.034103 2 -0.113054 0.129470 54 0.065537 4 0.048223 0.136999 0.086708 0.061541 56 -0.074526 2 0.012011 -0.132176 
56 2 55 0.037945 3 -0.000681 0.020622 0.050664 57 -0.094283 3 -0.091240 0.009132 0.171815 
57 3 56 0.117559 2 -0.055142 0.010611 58 2.000000 4 2.000000 2.000000 2.000000 2.000000 67 0.162645 3 0.017760 -0.091753 0.036213 
58 4 54 -0.053497 4 0.021159 -0.237709 0.221580 0.137527 57 0.109161 3 0.121086 0.085756 -0.034227 59 2.000000 4 2.000000 2.000000 2.000000 2.000000 65 0.011566 4 -0.119915 -0.046981 0.050256 0.191068 
59 4 53 -0.006657 3 -0.100205 0.186760 -0.105230 58 2.000000 4 2.000000 2.000000 2.000000 2.000000 60 -0.018570 4 0.080365 -0.007267 -0.195201 0.249966 64 -0.064670 4 -0.120656 -0.070742 -0.045093 -0.037542 
60 4 48 -0.036032 4 0.021287 0.032928 0.209207 0.142178 59 2.000000 4 2.000000 2.000000 2.000000 2.000000 61 0.309031 4 0.096322 -0.065740 0.107426 -0.019887 71 0.108726 4 -0.028872 0.054588 -0.119535 -0.240509 
61 4 60 0.159150 4 -0.041355 -0.084336 0.085335 -0.026255 62 -0.002537 3 0.143960 -0.052478 0.062630 64 -0.019103 4 0.049037 0.039213 -0.096929 0.006015 70 0.067156 4 -0.012658 -0.057716 -0.030518 -0.048328 
62 3 61 -0.173955 4 -0.031029 -0.086155 -0.122002 -0.064550 63 0.122216 3 -0.028914 0.100042 -0.058806 69 -0.055173 2 0.155748 -0.136137 
63 3 62 0.045383 3 0.190008 0.017786 -0.216661 64 0.051062 4 0.070689 -0.222533 0.034120 0.225124 66 -0.044476 3 -0.016614 0.048702 0.067297 
64 4 59 2.000000 4 2.000000 2.000000 2.000000 2.000000 61 0.076144 4 -0.037496 0.082049 -0.037487 0.087849 63 -0.047101 3 -0.099801 0.007046 -0.029054 65 -0.013378 4 -0.077834 0.008856 -0.147367 -0.163979 
65 4 58 2.000000 4 2.000000 2.000000 2.000000 2.000000 64 -0.158124 4 -0.145328 -0.080338 0.084258 0.004984 66 -0.219275 3 0.124796 0.098710 -0.048112 67 -0.047906 3 -0.136080 0.002772 -0.034781 
66 3 63 0.145437 3 0.122413 -0.073365 0.157955 65 0.024519 4 0.025426 0.046439 -0.071503 -0.101584 68 -0.013962 2 -0.017603 0.002129 
67 3 57 -0.128850 3 -0.146090 0.011045 -0.076866 65 -0.039742 4 0.042135 0.097626 -0.189092 -0.072562 68 -0.101910 2 -0.027107 -0.225157 
68 2 66 0.003723 3 -0.259415 -0.169353 0.089540 67 -0.002535 3 0.161861 -0.063789 -0.045155 
69 2 62 -0.028267 3 0.017773 0.081447 0.087984 70 -0.219566 4 0.250596 0.047279 -0.116798 0.231865 
70 4 61 0.160443 4 -0.099786 -0.070499 0.090716 0.017554 69 -0.093387 2 0.006824 0.000592 71 -0.039416 4 -0.133958 -0.128545 -0.167652 0.075587 80 0.027781 2 -0.089577 -0.173464 
71 4 41 -0.009083 3 0.047655 -0.025397 -0.130316 60 0.095801 4 0.029026 0.043966 0.050339 -0.061006 70 0.027739 4 -0.035394 -0.043210 0.016448 0.051050 72 0.168232 3 0.164276 -0.061513 -0.062867 
72 3 71 0.044496 4 -0.017656 0.116125 -0.039847 0.092836 73 -0.082657 3 -0.073563 -0.085599 0.181311 74 0.125269 3 0.086035 0.056782 0.000664 
73 3 72 0.053326 3 -0.059979 0.117523 0.113126 74 0.010248 3 -0.176192 -0.115184 -0.036829 76 -0.128871 3 0.148414 0.039110 0.130765 
74 3 72 0.112825 3 -0.057718 0.047710 -0.062152 73 -0.145560 3 -0.187514 0.030779 0.003905 75 0.052062 3 -0.076171 -0.054991 -0.077944 
75 3 74 -0.058941 3 0.052046 -0.104080 0.059186 76 -0.156883 3 -0.029161 -0.023618 -0.087678 77 -0.045256 3 -0.083682 -0.067295 -0.091970 
76 3 73 -0.036610 3 -0.070642 -0.064205 -0.151974 75 0.132099 3 -0.174539 -0.312891 0.054569 79 0.043710 3 -0.097473 0.022101 -0.039422 
77 3 11 0.011400 5 0.083784 0.037940 0.147960 0.023817 0.053898 75 0.100037 3 -0.037873 -0.091468 -0.172423 78 0.005514 2 -0.137125 0.176074 
78 2 77 0.067387 3 -0.129825 0.051202 0.006826 79 -0.068573 3 0.068942 -0.022378 -0.027373 
79 3 76 -0.130526 3 0.063005 -0.031673 0.024165 78 -0.069432 2 0.141687 0.061909 80 0.032033 2 -0.059475 -0.027621 
80 2 70 0.126676 4 0.141660 -0.178444 0.031826 0.154678 79 -0.103785 3 0.001138 0.019878 0.096611 
