80
1 2 2 0.230770 3 0.042321 -0.105595 -0.094601 4 -0.056578 3 -0.057889 -0.063767 0.084700 
2 3 1 0.095517 2 -0.014347 -0.085153 3 -0.068594 2 0.050432 0.098011 5 -0.243905 4 -0.172579 0.120396 -0.102978 -0.194483 
3 2 2 0.001084 3 0.007485 0.113094 0.122389 6 0.055980 4 -0.039314 0.068963 -0.012403 -0.019196 
4 3 1 0.000564 2 0.115046 0.023871 5 -0.133090 4 0.096168 0.048983 -0.064480 0.055091 8 0.020078 3 -0.015430 -0.122511 0.020444 
5 4 2 -0.100625 3 -0.000742 -0.052420 0.011823 4 0.051212 3 -0.084748 0.190259 -0.159533 6 0.019995 4 -0.154035 0.105126 -0.076744 -0.063954 9 -0.089674 4 -0.063805 0.089713 0.011865 0.049703 
6 4 3 0.047803 2 -0.186002 -0.178198 5 -0.094259 4 0.021871 -0.188046 0.190033 0.032031 7 0.023859 3 0.130653 -0.177231 0.053215 10 -0.042539 4 0.049023 0.114513 -0.034802 -0.136814 
7 3 6 0.084566 4 -0.071794 -0.052625 -0.032371 -0.021315 11 -0.054866 5 0.025404 0.210263 -0.083640 -0.066768 0.175361 17 -0.126314 3 0.246704 -0.073287 -0.191402 
8 3 4 0.104497 3 0.049582 -0.070424 -0.007729 9 0.032686 4 -0.009986 0.032243 -0.130839 0.023714 12 -0.121423 3 -0.041742 -0.148983 -0.014192 
9 4 5 -0.123740 4 -0.104598 0.286411 0.005021 -0.009858 8 -0.084407 3 -0.023012 -0.011775 0.121710 10 0.079670 4 -0.138660 -0.076783 0.101303 0.047009 13 0.014355 4 -0.019306 0.135348 -0.009990 0.094912 
10 4 6 -0.032360 4 -0.000315 0.179006 0.082889 0.065164 9 0.027735 4 -0.085586 -0.044038 0.038479 0.028910 11 0.085744 5 -0.142657 0.027681 0.035364 -0.176641 -0.115125 14 -0.172289 3 0.146133 -0.054421 -0.113150 
11 5 7 -0.220045 3 -0.036035 0.124835 0.042881 10 -0.062564 4 -0.225040 -0.055121 -0.159118 -0.061115 14 0.090082 3 -0.190001 0.066875 0.102810 16 -0.139361 3 0.084534 0.099973 0.124440 77 -0.006405 3 -0.081468 -0.050900 -0.138600 
12 3 8 -0.110618 3 -0.196615 -0.093537 -0.131309 13 -0.006115 4 0.005344 -0.037491 0.043610 -0.093373 15 0.110353 2 0.033980 0.019538 
13 4 9 0.078040 4 -0.163980 -0.195896 -0.233366 -0.065503 12 -0.083102 3 0.008372 0.051141 -0.099467 14 -0.094944 3 -0.042482 -0.227087 0.178237 15 -0.127566 2 -0.078721 0.037492 
14 3 10 -0.145784 4 -0.160314 -0.049255 0.095967 -0.121185 11 0.047081 5 0.049875 -0.118116 0.064725 0.049359 -0.012356 13 -0.196126 4 0.179410 -0.160682 0.053606 0.178072 
15 2 12 -0.049988 3 0.031077 0.070806 -0.018574 13 0.275655 4 0.088158 -0.179644 -0.113169 -0.109009 
16 3 11 -0.041467 5 -0.114527 0.239339 0.173049 -0.061966 0.044178 39 -0.059724 4 -0.165372 -0.070597 -0.029231 0.030543 40 -0.052072 4 0.120390 0.061719 -0.001979 0.124247 
17 3 7 -0.041638 3 -0.018406 0.065495 0.203425 19 -0.059434 4 -0.117001 -0.028067 -0.097949 -0.156864 20 0.035457 4 0.099012 -0.046148 -0.170169 -0.102407 
18 2 19 0.069437 4 0.098550 0.064679 0.011265 -0.158516 35 0.055838 3 -0.052041 -0.096231 0.133873 
19 4 17 -0.071102 3 -0.066243 0.085117 0.169544 18 -0.050460 2 0.133725 0.062179 20 0.082463 4 -0.128959 0.232407 -0.132159 -0.068623 34 0.029681 4 -0.001635 0.074667 0.027344 -0.080307 
20 4 17 0.015956 3 -0.099467 -0.150179 -0.038123 19 0.066336 4 -0.028794 -0.014043 -0.038113 0.050337 21 -0.165004 4 -0.014050 -0.058665 -0.027689 0.163961 37 0.012419 3 0.006505 0.106132 -0.038021 
21 4 20 -0.060023 4 -0.070133 0.139322 0.061194 -0.060336 22 0.051327 4 0.137583 -0.023637 -0.006637 -0.005041 34 -0.047038 4 -0.015513 0.028354 -0.143079 0.054909 45 -0.102904 4 -0.245686 -0.001707 -0.112384 0.045716 
22 4 21 0.161258 4 -0.101000 0.086800 -0.070262 -0.094273 23 -0.088190 4 0.027236 -0.036432 -0.052640 -0.055485 33 0.077009 4 0.084722 -0.049267 -0.011313 -0.059594 50 -0.028218 4 -0.017657 -0.078824 0.051581 0.026464 
23 4 22 0.103380 4 0.084729 0.025338 0.032695 0.019069 24 -0.215799 4 0.154739 -0.012695 -0.035968 0.027997 29 0.067157 4 -0.040052 -0.132412 -0.059530 -0.055750 51 0.132251 3 0.046938 0.053232 -0.020823 
24 4 23 0.035223 4 0.023294 -0.089096 -0.009814 -0.030550 25 0.006076 4 0.069249 0.086393 -0.054894 -0.193013 26 -0.089554 3 0.006074 0.116891 0.111446 54 -0.176693 4 0.062719 0.099231 -0.093122 -0.125687 
25 4 24 0.136495 4 0.045920 -0.015412 -0.118580 0.070586 26 0.142820 3 0.138024 0.026077 0.028013 27 -0.000520 2 0.012415 -0.070751 29 -0.090645 4 0.002044 0.085536 -0.114276 0.095370 
26 3 24 0.126009 4 0.125613 -0.008630 -0.011490 0.137089 25 0.055064 4 0.047386 0.044453 -0.014975 -0.081616 36 -0.208678 2 -0.045133 0.041762 
27 2 25 0.025777 4 -0.091764 -0.003075 -0.073604 -0.134095 28 -0.192130 3 0.163000 0.086953 -0.020625 
28 3 27 0.039433 2 0.114724 0.008307 29 -0.181099 4 0.047220 0.042932 0.030213 0.001314 31 0.027513 3 -0.001097 -0.072334 0.117839 
29 4 23 0.004550 4 -0.029806 -0.004178 -0.107338 0.003131 25 -0.149665 4 0.150022 -0.111253 0.072118 -0.146471 28 0.050257 3 0.053605 0.153805 0.012408 30 -0.038138 3 -0.115510 0.171888 -0.105003 
30 3 29 0.125643 4 -0.067297 0.043811 0.037506 -0.007674 31 0.084388 3 0.025309 0.043742 -0.016887 33 -0.052103 4 0.026570 -0.037050 -0.052017 -0.051095 
31 3 28 0.016587 3 0.007895 -0.101000 -0.069853 30 -0.123590 3 -0.012050 0.035763 -0.020455 32 -0.037915 3 -0.000245 -0.062980 -0.152140 
32 3 31 0.107466 3 -0.060375 -0.059243 0.143032 33 -0.125926 4 0.102431 0.050968 0.122278 0.008202 35 0.072449 3 -0.056890 0.085832 -0.067836 
33 4 22 0.023303 4 -0.078068 0.054239 -0.058169 -0.104212 30 0.041519 3 -0.078699 -0.063733 -0.137134 32 0.052450 3 -0.074222 0.052700 0.216497 34 0.024724 4 -0.058728 0.059861 0.178006 -0.001583 
34 4 19 -0.105716 4 -0.037948 0.020995 0.020787 -0.082260 21 -0.014515 4 0.011370 -0.059269 -0.109721 0.011851 33 -0.135669 4 0.089909 0.059776 0.000175 0.070275 35 0.166391 3 0.107916 -0.014080 -0.032780 
35 3 18 -0.069980 2 0.071165 -0.000837 32 0.034524 3 0.186865 -0.129596 -0.149345 34 -0.013998 4 -0.106278 0.013878 -0.005810 -0.023808 
36 2 26 0.060514 3 0.093604 -0.015248 0.051617 55 -0.126615 3 0.162746 0.115815 -0.048768 
37 3 20 -0.153680 4 0.221983 0.097198 0.023163 -0.106478 38 -0.144571 3 0.170289 -0.011160 -0.011385 44 0.061114 4 0.002938 0.022603 0.221280 0.135254 
38 3 37 -0.093484 3 -0.008034 0.158945 -0.035170 39 0.019053 4 -0.106674 -0.045564 -0.060706 -0.012468 44 -0.066720 4 -0.006869 0.082619 -0.070499 0.100022 
39 4 16 0.148354 3 -0.030637 0.051182 0.183868 38 0.080824 3 0.013595 0.050154 -0.069389 40 -0.018580 4 0.023200 -0.078867 -0.017164 -0.070763 43 0.033022 4 0.009040 -0.088093 0.085712 0.026380 
40 4 16 0.102199 3 -0.128277 -0.195945 -0.150484 39 -0.029645 4 -0.093375 -0.001112 0.038333 -0.120997 41 -0.057897 3 -0.179281 -0.049830 -0.170919 42 0.004845 4 -0.023967 -0.115644 0.044470 -0.063905 
41 3 40 0.170021 4 0.006640 -0.096495 0.173496 0.008589 42 -0.040405 4 -0.027690 -0.132654 0.034016 -0.109446 71 0.125159 4 -0.116771 -0.070734 -0.066524 -0.062213 
42 4 40 0.002177 4 0.166060 0.064814 0.135625 -0.267904 41 -0.146924 3 -0.027661 -0.014984 -0.032286 43 0.011357 4 0.164856 -0.051739 -0.081028 0.031798 47 0.114786 3 -0.124507 0.162726 0.100987 
43 4 39 -0.017393 4 0.233068 0.055427 0.020457 0.123860 42 0.005652 4 0.013526 -0.001946 -0.094396 -0.077420 44 -0.081837 4 -0.003704 0.066192 0.097841 -0.065496 46 0.013719 4 -0.047261 -0.088411 -0.124851 0.029240 
44 4 37 -0.033026 3 -0.029845 0.133598 -0.043119 38 0.075730 3 0.087400 -0.051167 0.045161 43 -0.056551 4 0.123045 -0.018564 0.021772 -0.263319 45 -0.147157 4 -0.047143 0.019991 0.011033 0.166221 
45 4 21 -0.005852 4 0.034058 -0.000164 0.052210 -0.129267 44 0.103395 4 -0.046785 0.049658 -0.023293 -0.239379 46 -0.047897 4 0.072308 -0.136842 -0.126271 0.042563 50 -0.001494 4 -0.024298 -0.077938 -0.157963 -0.062231 
46 4 43 -0.019066 4 -0.218727 0.035474 -0.007533 -0.130569 45 0.252219 4 -0.019739 0.293705 0.022323 0.039846 47 0.008570 3 0.161020 0.038616 0.000971 49 0.054759 4 0.007250 0.031919 0.107086 0.030083 
47 3 42 -0.025308 4 0.117219 -0.010941 0.082724 -0.051983 46 0.022127 4 0.085303 -0.117512 -0.045440 -0.050611 48 -0.194298 4 0.180369 -0.101275 -0.124029 0.026656 
48 4 47 -0.101226 3 -0.120775 -0.105007 0.046867 49 -0.068404 4 0.028290 0.134120 0.038060 0.143543 53 -0.037565 3 0.079959 0.162856 0.012911 60 -0.139044 4 -0.208476 -0.064711 -0.025173 0.019022 
49 4 46 0.262686 4 -0.046754 0.053074 0.024466 0.194643 48 0.030800 4 -0.127705 0.000746 -0.036346 0.126684 50 0.026492 4 0.053804 0.080682 -0.011147 0.091289 52 -0.122997 4 0.152463 -0.069237 -0.090247 0.007039 
50 4 22 0.163062 4 -0.068847 0.123090 -0.027456 -0.110360 45 -0.025445 4 0.008120 -0.078575 -0.146355 0.039685 49 0.032984 4 -0.056429 0.037816 0.117049 -0.004581 51 0.016420 3 -0.063506 0.033138 0.088219 
51 3 23 -0.078295 4 0.041854 -0.004055 -0.007014 -0.101465 50 -0.076548 4 -0.013375 -0.004080 0.060277 0.078226 52 0.081568 4 0.021464 -0.080978 -0.138526 0.009087 
52 4 49 -0.059542 4 -0.021402 0.015087 -0.235542 0.062014 51 -0.063537 3 0.031062 -0.009078 -0.039692 53 -0.078865 3 0.059468 0.022019 -0.071651 54 -0.089566 4 0.001174 -0.095500 -0.077834 0.152876 
53 3 48 0.056242 4 -0.186835 -0.122095 0.265016 0.009493 52 0.046724 4 0.039623 0.135754 -0.194115 0.176059 59 2.000000 4 2.000000 2.000000 2.000000 2.000000 
54 4 24 -0.022884 4 0.106024 -0.104679 -0.027203 0.043687 52 0.096976 4 -0.086579 -0.064002 -0.051928 -0.014848 55 0.203439 3 -0.065086 0.059967 0.009409 58 2.000000 4 2.000000 2.000000 2.000000 2.000000 
55 3 36 -0.098969 2 0.138124 -0.075483 54 -0.084931 4 0.096752 0.053896 0.064309 -0.009119 56 0.035613 2 -0.008269 -0.133511 
56 2 55 0.292857 3 0.117328 -0.019014 0.039567 57 0.139974 3 0.074472 -0.025063 0.016538 
57 3 56 -0.050700 2 -0.043530 0.117082 58 2.000000 4 2.000000 2.000000 2.000000 2.000000 67 -0.004926 3 -0.090918 0.130145 0.104137 
58 4 54 0.027780 4 0.147523 0.028669 0.144617 -0.006000 57 0.142137 3 -0.015847 -0.042484 0.045472 59 2.000000 4 2.000000 2.000000 2.000000 2.000000 65 0.058473 4 -0.041483 -0.005855 -0.025316 -0.021320 
59 4 53 -0.073266 3 -0.212710 -0.023553 -0.170820 58 2.000000 4 2.000000 2.000000 2.000000 2.000000 60 0.104901 4 0.032226 0.073987 -0.069741 0.069170 64 0.115346 4 0.042789 0.001239 0.175593 0.077168 
60 4 48 0.115489 4 -0.003113 0.070127 0.064984 0.168433 59 2.000000 4 2.000000 2.000000 2.000000 2.000000 61 0.151300 4 -0.138981 0.072904 0.020378 -0.090414 71 0.119312 4 -0.165843 -0.089092 -0.009578 0.040850 
61 4 60 0.017967 4 0.067386 -0.031735 -0.023122 0.067517 62 0.086346 3 0.083125 0.120219 -0.189810 64 -0.153867 4 -0.120745 0.028613 0.105125 -0.089575 70 0.041080 4 -0.029006 -0.045590 -0.006730 -0.045279 
62 3 61 -0.059427 4 0.075751 -0.155021 0.202126 -0.136371 63 0.022819 3 0.100878 0.115743 -0.016657 69 -0.136161 2 0.017994 -0.044885 
63 3 62 -0.048415 3 0.078508 0.032049 0.023096 64 -0.171634 4 0.085975 -0.008491 0.120149 -0.002333 66 0.067213 3 0.069358 0.007670 0.051503 
64 4 59 2.000000 4 2.000000 2.000000 2.000000 2.000000 61 0.126198 4 0.018114 0.058882 -0.041960 0.119831 63 -0.046950 3 -0.033767 0.036772 -0.113580 65 0.013431 4 0.138063 0.084611 -0.029986 -0.088634 
65 4 58 2.000000 4 2.000000 2.000000 2.000000 2.000000 64 -0.045454 4 -0.037772 0.038201 0.042905 0.067513 66 0.031267 3 -0.055145 0.004164 -0.016763 67 -0.074520 3 -0.061591 0.083676 0.036016 
66 3 63 -0.010497 3 -0.033965 -0.039886 -0.002813 65 0.081417 4 -0.069522 -0.089398 -0.007023 -0.039429 68 0.054362 2 -0.029155 0.044734 
67 3 57 -0.242802 3 0.175418 -0.081576 0.187133 65 -0.126742 4 0.013456 -0.067643 0.064947 0.039216 68 -0.221431 2 -0.054153 0.012658 
68 2 66 -0.064422 3 -0.143360 -0.256111 0.030415 67 0.024642 3 -0.108325 0.063480 0.060291 
69 2 62 -0.211188 3 0.101822 0.064606 0.077143 70 0.059808 4 -0.027783 0.224075 0.026779 0.039959 
70 4 61 -0.015800 4 0.131947 -0.104338 0.303153 -0.121610 69 0.070322 2 0.142697 0.133549 71 0.037073 4 -0.066764 -0.197152 -0.091386 0.016004 80 0.012339 2 0.046476 0.031580 
71 4 41 -0.096266 3 -0.047079 -0.005832 0.178993 60 -0.142725 4 0.042952 -0.021091 0.001880 0.095701 70 -0.007931 4 -0.031752 0.083674 -0.080309 -0.071093 72 0.004626 3 -0.080069 -0.181628 0.142905 
72 3 71 -0.035154 4 0.123929 -0.068490 0.052728 0.135470 73 0.139184 3 -0.085518 -0.097828 -0.041437 74 0.170809 3 0.097628 0.028623 -0.016005 
73 3 72 0.115720 3 0.110144 -0.109653 -0.104862 74 0.055860 3 0.001884 0.037282 0.031378 76 -0.016580 3 -0.094409 -0.040912 -0.025444 
74 3 72 0.096542 3 0.018958 0.015221 0.021973 73 0.139019 3 -0.074604 0.056204 0.104971 75 -0.080561 3 -0.019879 -0.034435 0.050485 
75 3 74 0.173421 3 -0.082698 0.173855 -0.078759 76 0.234852 3 0.002235 -0.078341 -0.044915 77 -0.058959 3 -0.015596 0.102232 -0.041011 
76 3 73 -0.029064 3 -0.003215 -0.016095 0.120002 75 0.101725 3 -0.201056 0.056477 0.007780 79 -0.090177 3 -0.145792 0.002889 -0.007335 
77 3 11 0.011802 5 -0.002722 0.061654 0.001498 0.069067 0.171906 75 -0.120315 3 0.069548 -0.012087 -0.070777 78 -0.128631 2 0.184182 -0.038175 
78 2 77 -0.155098 3 0.104901 0.085535 0.067598 79 -0.150756 3 0.038990 -0.056866 0.076934 
79 3 76 0.005730 3 -0.011495 0.001971 -0.003242 78 0.044980 2 -0.045265 -0.119106 80 -0.203999 2 -0.041852 0.123771 
80 2 70 0.193539 4 0.200425 -0.003998 0.063314 0.043327 79 0.049192 3 -0.165425 0.018818 -0.091185 
