80
1 2 2 -0.159161 3 -0.090915 -0.007868 0.039815 4 0.168131 3 0.033213 -0.175787 0.047256 
2 3 1 -0.070118 2 0.079948 -0.079839 3 -0.107438 2 0.101606 -0.056235 5 0.049170 4 -0.084780 0.018700 0.065682 0.046235 
3 2 2 0.071617 3 0.029776 0.059156 -0.031050 6 0.055934 4 0.068632 0.062226 -0.156015 -0.057908 
4 3 1 0.009122 2 0.094407 -0.036157 5 -0.127458 4 -0.061597 -0.025691 0.092830 -0.125644 8 -0.013660 3 0.078085 0.079997 0.050990 
5 4 2 -0.030947 3 -0.065111 -0.112904 0.091047 4 -0.125789 3 0.041019 0.012216 0.018091 6 -0.052417 4 0.040787 0.036581 0.119709 0.066269 9 0.014480 4 0.008747 0.097913 0.189666 0.025218 
6 4 3 -0.028434 2 0.098862 -0.109109 5 0.005302 4 0.114914 -0.056757 -0.033695 0.068413 7 0.031320 3 -0.040717 -0.217960 -0.198521 10 0.064421 4 -0.138517 0.054621 -0.049810 -0.033225 
7 3 6 -0.009309 4 -0.107546 0.187824 -0.024181 -0.080657 11 -0.131678 5 0.025847 -0.157179 -0.052220 0.009898 0.208971 17 0.015759 3 0.029873 0.031343 0.077858 
8 3 4 -0.095836 3 0.103963 -0.053543 0.035691 9 0.018840 4 -0.169479 0.047460 -0.113221 -0.016203 12 -0.204635 3 0.020611 -0.084558 0.127664 
9 4 5 -0.156551 4 -0.051551 -0.063193 0.067818 0.131861 8 -0.073877 3 0.017745 -0.105263 0.104185 10 -0.120793 4 -0.075425 -0.202536 -0.099381 0.154174 13 -0.134671 4 0.205963 0.021559 0.009245 -0.178015 
10 4 6 0.085534 4 -0.179656 0.074998 -0.024971 -0.078049 9 0.015469 4 -0.052223 -0.047277 -0.012408 -0.109286 11 0.014188 5 0.020904 0.027832 0.082525 -0.050230 0.158886 14 -0.086766 3 -0.033145 0.053682 -0.045740 
11 5 7 0.063482 3 0.170734 -0.047674 0.092813 10 0.190603 4 -0.035641 0.094490 0.109116 -0.015976 14 -0.232019 3 -0.033399 -0.056206 -0.019080 16 0.054115 3 -0.043256 -0.188028 -0.027138 77 0.002173 3 0.029138 -0.075276 -0.064402 
12 3 8 -0.101897 3 -0.060684 -0.003994 -0.081844 13 0.146423 4 -0.124489 0.154323 -0.055740 0.054163 15 -0.043089 2 -0.117192 0.197638 
13 4 9 -0.139893 4 0.000926 0.116492 0.077127 -0.000832 12 -0.192764 3 0.031478 -0.062207 0.011303 14 -0.067986 3 0.085583 -0.053551 -0.056985 15 -0.130596 2 -0.020484 0.076044 
14 3 10 -0.159634 4 -0.098511 -0.105105 -0.029089 -0.026484 11 -0.088567 5 0.069013 0.107739 -0.106653 -0.190461 -0.157079 13 -0.257372 4 -0.119829 -0.128939 -0.008752 -0.041260 
15 2 12 -0.073050 3 0.160506 0.073810 -0.002606 13 0.120116 4 -0.123876 0.015700 0.034633 0.044459 
16 3 11 -0.017310 5 -0.036762 -0.100165 0.156797 -0.054958 0.004344 39 0.068702 4 0.069352 0.002636 -0.076754 0.163565 40 0.071342 4 -0.278655 0.047041 0.150585 -0.013390 
17 3 7 0.130108 3 -0.011311 -0.061750 0.243192 19 -0.015595 4 0.162227 -0.003338 -0.025417 -0.081862 20 0.074936 4 0.153747 -0.160649 -0.086622 -0.043837 
18 2 19 -0.087395 4 -0.108959 -0.122077 0.070743 -0.006986 35 0.005639 3 -0.048631 -0.025662 -0.010698 
19 4 17 -0.037259 3 -0.094887 -0.021128 -0.086031 18 0.108543 2 0.080873 0.048925 20 0.098538 4 -0.034719 0.033116 -0.085172 -0.061065 34 0.191506 4 -0.062118 0.020705 0.005343 -0.202798 
20 4 17 0.148141 3 -0.098029 -0.048799 -0.021526 19 -0.093272 4 -0.051345 0.065439 0.129587 0.100714 21 0.021488 4 0.038695 0.108253 0.118262 0.055483 37 -0.150496 3 0.199558 -0.025286 0.034802 
21 4 20 0.158189 4 -0.045511 -0.063571 -0.097986 -0.076149 22 -0.038716 4 -0.128355 -0.030125 -0.070723 0.155703 34 0.058325 4 0.052793 -0.193426 0.116869 -0.053418 45 0.043856 4 -0.157793 0.053117 0.122512 0.029169 
22 4 21 0.015993 4 0.040393 -0.079831 -0.014949 -0.009831 23 0.155448 4 -0.023104 0.073319 -0.077298 -0.032231 33 0.054712 4 -0.044752 0.041501 0.125909 0.177641 50 0.037107 4 0.209161 -0.100457 -0.073113 0.194210 
23 4 22 0.173057 4 0.037536 -0.055279 0.140118 -0.155372 24 0.103385 4 -0.046398 -0.093772 0.111894 0.195681 29 -0.060123 4 0.074188 0.149710 0.156350 0.069660 51 -0.136097 3 -0.050850 0.090790 0.033006 
24 4 23 0.075788 4 -0.111998 -0.055852 0.149585 -0.115252 25 0.050672 4 0.032380 -0.076135 0.056000 -0.098424 26 -0.009461 3 -0.125663 0.022173 -0.088611 54 -0.122510 4 0.130923 0.052114 -0.034122 -0.034656 
25 4 24 0.154763 4 -0.199824 -0.001051 0.218382 0.030775 26 0.007696 3 -0.102436 0.033472 0.072875 27 0.063709 2 -0.132284 0.052679 29 -0.097366 4 0.142816 0.022815 -0.030053 -0.101431 
26 3 24 0.092339 4 0.007013 -0.101091 -0.033206 -0.041650 25 0.124297 4 -0.004731 0.046551 -0.042129 0.006963 36 -0.011481 2 -0.171379 0.100234 
27 2 25 -0.064590 4 -0.099138 -0.028072 0.016987 0.089490 28 -0.039518 3 -0.080102 0.002682 -0.058776 
28 3 27 0.091461 2 -0.108704 -0.003633 29 -0.001218 4 -0.017056 -0.004072 -0.103048 -0.051447 31 0.076094 3 0.033315 0.069452 -0.027043 
29 4 23 -0.129144 4 0.199011 -0.101639 -0.134064 0.163477 25 -0.230801 4 -0.092742 -0.018909 -0.099147 -0.117345 28 0.068899 3 -0.077347 -0.016288 -0.044774 30 -0.088573 3 0.086721 -0.041850 0.126912 
30 3 29 0.057400 4 -0.082238 -0.155953 0.029489 0.132029 31 -0.042585 3 -0.023277 0.123537 -0.024345 33 0.097398 4 -0.063269 -0.123841 0.107072 -0.129581 
31 3 28 0.027099 3 -0.032623 -0.077930 -0.077321 30 -0.144998 3 -0.028369 0.014333 0.023604 32 -0.079887 3 -0.084445 0.034079 0.051499 
32 3 31 0.001613 3 -0.014024 -0.022725 -0.120922 33 0.123235 4 0.031034 0.164616 0.074914 -0.011500 35 -0.192399 3 0.057649 0.018510 0.057288 
33 4 22 -0.068993 4 0.012327 0.000956 0.158983 0.012317 30 0.244612 3 0.063842 0.077803 0.132696 32 -0.213157 3 -0.015564 0.062848 0.006559 34 0.104768 4 -0.048296 -0.010225 0.060433 -0.074714 
34 4 19 -0.143916 4 0.158327 0.188381 -0.072904 -0.034690 21 -0.028464 4 0.046162 0.040288 0.138499 -0.007140 33 0.338765 4 0.159423 -0.083500 0.008035 0.032349 35 0.321239 3 -0.096690 0.005919 -0.026517 
35 3 18 0.127915 2 0.085769 0.054569 32 -0.024661 3 0.185375 0.099610 0.010289 34 0.101657 4 -0.191838 -0.013107 -0.076863 0.238995 
36 2 26 -0.014919 3 0.007725 0.037561 0.039556 55 0.064108 3 -0.011250 -0.182904 0.209145 
37 3 20 -0.033421 4 0.035909 -0.079434 -0.022731 0.159382 38 -0.178241 3 0.015521 0.017860 -0.033773 44 0.017827 4 -0.152499 -0.070941 -0.086662 0.007148 
38 3 37 -0.009769 3 0.015562 -0.018219 0.073102 39 0.165708 4 -0.034757 0.023442 -0.086773 -0.098254 44 0.160178 4 -0.029357 0.082447 0.019413 0.029769 
39 4 16 0.009112 3 -0.071013 -0.068767 0.057284 38 0.011138 3 0.044522 -0.132596 -0.149988 40 0.080764 4 0.101597 -0.002752 -0.016045 0.037884 43 0.079413 4 -0.010716 0.021284 0.046806 -0.161607 
40 4 16 -0.137253 3 0.001474 -0.003776 0.040381 39 -0.140513 4 0.030525 -0.124311 0.013186 -0.099948 41 -0.069896 3 -0.035421 0.010559 0.095543 42 0.045390 4 0.046480 0.026671 -0.142322 0.011106 
41 3 40 0.038272 4 0.117286 -0.211558 0.046216 -0.245990 42 0.072276 4 -0.030486 0.039823 -0.170579 0.075941 71 0.008064 4 0.020324 0.095868 0.048683 -0.044590 
42 4 40 0.055144 4 0.032567 -0.002010 -0.188848 0.033836 41 0.116984 3 0.033781 0.042433 0.011287 43 0.001072 4 -0.011827 -0.268629 0.154836 -0.092438 47 -0.059723 3 -0.072040 0.083351 -0.056649 
43 4 39 0.065696 4 -0.099915 0.064127 -0.025395 -0.112170 42 0.098598 4 0.164793 -0.030668 -0.077404 -0.135424 44 -0.121538 4 -0.032593 0.155322 0.062813 -0.102755 46 -0.013849 4 -0.020194 0.086107 0.155816 -0.012968 
44 4 37 0.009784 3 -0.081777 0.028851 -0.113138 38 0.077009 3 0.088132 -0.094421 -0.062159 43 0.088440 4 -0.199105 -0.095195 0.025795 0.119820 45 -0.034249 4 0.110897 -0.161267 -0.035663 -0.000862 
45 4 21 0.217505 4 -0.001461 0.021709 0.018019 -0.052052 44 -0.012682 4 -0.023958 -0.069302 -0.068491 0.093260 46 0.031648 4 -0.120855 -0.036079 -0.118237 0.064466 50 0.088554 4 -0.108883 -0.169847 -0.129036 0.054563 
46 4 43 0.030856 4 0.213535 -0.057686 0.082519 0.161310 45 0.086802 4 0.121592 0.161391 -0.059994 0.104008 47 0.125438 3 -0.024441 -0.148507 -0.035618 49 0.122010 4 0.035452 0.183491 0.089769 0.025230 
47 3 42 0.105304 4 0.098403 -0.051456 -0.131065 -0.068732 46 0.037409 4 -0.118546 0.098239 -0.013535 -0.119004 48 -0.117895 4 -0.020731 -0.084562 -0.031430 0.142428 
48 4 47 -0.112799 3 0.149148 -0.074405 -0.037438 49 0.124924 4 0.042411 0.011412 -0.051110 0.102234 53 0.047717 3 -0.141918 0.254668 -0.035796 60 -0.063864 4 0.040132 -0.070619 -0.102066 0.113396 
49 4 46 0.189753 4 0.003855 0.023091 0.012573 0.069629 48 -0.015155 4 0.173947 0.066538 0.068753 0.123897 50 0.009045 4 0.089866 -0.115010 -0.026418 -0.162518 52 0.052286 4 0.058164 0.190249 0.158009 0.092103 
50 4 22 0.067908 4 -0.093790 -0.073719 0.017978 -0.013183 45 0.035197 4 0.086793 0.131439 -0.025112 -0.007176 49 0.018841 4 0.109521 0.048928 -0.168015 -0.081153 51 -0.142542 3 -0.075222 -0.132592 -0.018148 
51 3 23 -0.054779 4 0.013142 0.139383 0.070621 0.116285 50 -0.020341 4 -0.075369 0.032192 0.163570 -0.064779 52 -0.024065 4 0.067326 0.127356 -0.103981 0.048795 
52 4 49 0.050468 4 -0.090675 -0.047470 -0.066609 -0.050202 51 -0.234290 3 -0.030889 -0.083690 -0.062832 53 -0.131508 3 0.050090 0.167025 -0.154173 54 -0.110062 4 -0.027201 0.034165 0.048437 0.095268 
53 3 48 0.156499 4 0.013135 -0.174191 0.066776 0.089816 52 0.077196 4 -0.054932 -0.031750 -0.058269 -0.016421 59 2.000000 4 2.000000 2.000000 2.000000 2.000000 
54 4 24 0.133861 4 -0.093513 0.118811 -0.121279 -0.038118 52 0.024274 4 0.132265 0.038535 -0.036182 -0.042638 55 0.088153 3 0.038714 0.090278 0.071778 58 -0.043528 4 0.173608 -0.100883 -0.018004 -0.202655 
55 3 36 -0.057226 2 0.040894 0.073433 54 0.114183 4 0.008197 -0.168652 -0.206171 0.182094 56 0.078425 2 -0.124913 0.093632 
56 2 55 -0.004480 3 -0.017156 -0.007837 -0.061037 57 0.005750 3 0.056888 -0.015720 -0.106851 
57 3 56 0.122892 2 -0.031252 -0.001712 58 0.182628 4 -0.013233 0.044469 0.040174 -0.251419 67 -0.048933 3 -0.078849 -0.011402 0.047414 
58 4 54 -0.098020 4 0.068492 0.053977 -0.038045 0.144306 57 -0.087513 3 -0.080930 -0.147123 0.042542 59 2.000000 4 2.000000 2.000000 2.000000 2.000000 65 0.056770 4 0.096419 0.097042 0.052231 0.087478 
59 4 53 0.029469 3 0.015807 0.156569 0.135276 58 0.134220 4 0.009253 0.078252 0.111002 0.149995 60 0.100237 4 -0.013238 0.125780 0.109329 0.097522 64 -0.016203 4 0.120029 -0.010728 0.061950 0.109097 
60 4 48 -0.097264 4 -0.044203 -0.128079 0.065878 0.020103 59 2.000000 4 2.000000 2.000000 2.000000 2.000000 61 0.020172 4 0.045002 -0.001307 -0.084648 0.048272 71 -0.025083 4 0.093312 0.029170 -0.021339 -0.004071 
61 4 60 0.182352 4 -0.022803 -0.138110 0.026506 0.106207 62 0.118634 3 0.005855 -0.056460 0.066265 64 0.068030 4 0.120907 0.045482 0.049357 0.022162 70 0.163729 4 -0.057464 0.013227 0.112864 -0.005601 
62 3 61 -0.053306 4 0.070627 -0.006055 0.059025 -0.061961 63 -0.080619 3 -0.119028 -0.243536 0.073201 69 -0.236622 2 0.034681 0.072809 
63 3 62 0.016088 3 0.057116 -0.177757 0.010338 64 -0.180832 4 0.193485 0.093067 -0.015083 -0.046820 66 -0.063025 3 -0.036529 0.025813 0.018536 
64 4 59 2.000000 4 2.000000 2.000000 2.000000 2.000000 61 0.089845 4 -0.089457 -0.045442 -0.028302 0.109650 63 0.069979 3 0.101780 0.030255 -0.126093 65 0.081152 4 0.024015 0.078344 -0.019302 -0.130701 
65 4 58 -0.042855 4 -0.076560 0.078255 -0.006866 0.038322 64 0.081473 4 0.031143 0.075206 0.095719 0.044150 66 -0.015990 3 0.055315 0.036719 -0.114470 67 0.081478 3 0.092748 0.104773 0.032910 
66 3 63 0.300205 3 -0.023967 -0.056784 -0.156461 65 -0.031270 4 0.002972 0.060718 0.096029 -0.012554 68 0.145928 2 -0.048256 0.172041 
67 3 57 0.008489 3 0.171162 0.239195 -0.093724 65 0.117997 4 -0.128384 0.016260 0.038903 0.068499 68 0.109259 2 -0.049182 -0.019880 
68 2 66 0.137526 3 -0.030830 -0.197100 -0.082213 67 -0.002478 3 0.006732 -0.041563 0.084180 
69 2 62 -0.152650 3 0.059351 0.029901 0.062033 70 -0.002613 4 0.205475 -0.025180 0.266359 0.185782 
70 4 61 -0.129660 4 0.126471 -0.196884 -0.056492 -0.131721 69 -0.087915 2 0.020211 -0.105840 71 -0.013444 4 -0.043997 0.147789 -0.122826 -0.184668 80 -0.139125 2 -0.074760 -0.025631 
71 4 41 0.054286 3 0.068393 0.011821 -0.035235 60 0.126699 4 0.023461 -0.113822 0.030103 0.103670 70 0.039256 4 -0.002025 0.118563 -0.033262 0.101989 72 -0.040760 3 -0.134599 0.004525 0.056979 
72 3 71 0.009375 4 -0.104804 -0.147655 -0.059118 -0.025901 73 -0.032693 3 0.135684 -0.100565 0.104422 74 -0.130881 3 -0.025932 -0.061920 -0.035101 
73 3 72 -0.032310 3 0.213620 -0.061600 0.151394 74 -0.129450 3 0.008555 -0.050260 0.070583 76 0.043238 3 0.011969 -0.008569 0.048205 
74 3 72 -0.115876 3 -0.047597 0.211704 0.009903 73 0.030837 3 0.080667 0.101692 -0.093340 75 -0.112350 3 0.147251 0.098496 -0.074669 
75 3 74 -0.036929 3 0.031541 -0.091433 0.123037 76 0.054321 3 -0.002659 0.090972 0.005926 77 0.086054 3 0.026803 -0.049422 -0.045914 
76 3 73 -0.187302 3 -0.018801 0.242565 0.087055 75 0.020910 3 0.056176 0.054971 0.239834 79 -0.065608 3 0.045732 0.065507 -0.061348 
77 3 11 0.067809 5 -0.001869 -0.103805 0.054586 -0.066940 0.136480 75 -0.135270 3 0.097885 -0.006627 -0.035788 78 0.008960 2 -0.137443 0.085066 
78 2 77 -0.081471 3 0.085815 -0.009955 0.210403 79 0.076227 3 0.059419 0.060199 0.002312 
79 3 76 -0.135105 3 0.076864 -0.074282 -0.009631 78 -0.168940 2 -0.099523 -0.123126 80 0.008068 2 -0.183765 0.158975 
80 2 70 -0.040839 4 -0.203185 0.235523 0.076404 -0.211465 79 -0.216231 3 -0.009035 0.088482 -0.068838 
