80
1 2 2 0.079572 3 0.013837 -0.045101 -0.015304 4 0.009820 3 -0.087900 -0.019271 0.019489 
2 3 1 -0.103775 2 0.159488 -0.044194 3 0.037423 2 -0.042197 0.022581 5 0.006553 4 0.014641 0.000969 0.010760 -0.204953 
3 2 2 0.123901 3 0.131403 0.061804 -0.041926 6 0.051356 4 -0.065462 -0.069015 -0.167927 -0.024817 
4 3 1 0.152373 2 0.119335 -0.156357 5 0.213012 4 -0.174519 -0.002409 -0.134819 -0.028721 8 0.009899 3 -0.075127 0.043173 -0.043124 
5 4 2 -0.068031 3 0.012185 0.042057 0.040485 4 -0.081960 3 0.048373 -0.029333 -0.246948 6 0.162700 4 0.025221 -0.092917 0.053185 -0.132631 9 0.141710 4 0.102402 -0.090126 -0.065582 0.039817 
6 4 3 0.005369 2 0.234531 -0.094529 5 0.066044 4 0.178950 0.049044 -0.089294 0.076421 7 0.045042 3 0.022182 -0.046994 -0.043711 10 -0.029332 4 -0.205140 -0.016079 0.053075 0.026452 
7 3 6 0.130137 4 -0.033194 0.106507 -0.039640 0.061585 11 -0.140569 5 -0.115777 -0.019304 0.028630 0.072122 0.003869 17 -0.011955 3 0.034314 0.125610 0.124419 
8 3 4 -0.146173 3 -0.056312 0.023462 0.154734 9 -0.157702 4 0.016698 0.003150 0.141884 0.089204 12 0.024020 3 -0.065707 0.000380 -0.112407 
9 4 5 -0.025323 4 -0.024870 0.089867 -0.128809 0.102161 8 0.028758 3 -0.038425 -0.069743 -0.073442 10 0.096852 4 -0.212974 -0.009425 -0.115205 -0.167917 13 0.026229 4 -0.000499 -0.058750 -0.039927 0.012421 
10 4 6 0.056922 4 0.016438 -0.035009 -0.028529 -0.039783 9 -0.087453 4 -0.025638 -0.093547 -0.130747 -0.112529 11 0.119755 5 0.052786 0.000544 0.089986 0.117999 -0.076370 14 -0.078385 3 -0.105667 -0.186064 -0.021111 
11 5 7 -0.029314 3 0.069130 0.149820 0.007607 10 0.092474 4 -0.046479 0.022029 -0.082179 0.009060 14 -0.081185 3 -0.008085 -0.123846 -0.033643 16 -0.000738 3 0.046254 0.142467 0.055028 77 -0.069674 3 0.194252 -0.069362 0.018509 
12 3 8 0.062244 3 -0.016687 0.014752 -0.107631 13 0.046320 4 -0.010341 -0.031536 -0.037326 -0.036425 15 0.050640 2 -0.025827 0.000884 
13 4 9 0.014502 4 0.129589 -0.037907 -0.000534 -0.164694 12 0.075813 3 0.018607 0.008075 -0.064700 14 0.116902 3 0.037020 -0.028667 -0.027147 15 -0.001629 2 -0.112927 0.087730 
14 3 10 -0.181507 4 -0.092228 0.010780 0.011893 0.071844 11 0.098893 5 0.073908 -0.135526 0.129052 0.057342 -0.094955 13 -0.018040 4 -0.098969 -0.040949 -0.053584 0.096550 
15 2 12 0.018002 3 0.101864 0.021130 0.102636 13 -0.097952 4 0.010982 0.132661 0.121862 -0.126875 
16 3 11 -0.020372 5 0.083629 0.036797 -0.021976 0.084089 -0.045009 39 0.020061 4 -0.056585 0.056647 -0.010594 0.009559 40 -0.101988 4 0.114727 -0.049555 0.024171 0.076768 
17 3 7 -0.070003 3 -0.116527 0.010289 -0.016963 19 0.027000 4 0.045727 0.026206 0.002913 -0.082139 20 0.051673 4 0.092337 0.149288 0.049234 0.084527 
18 2 19 -0.017641 4 0.004824 -0.039443 0.018061 -0.155271 35 -0.118632 3 0.165926 0.093052 -0.183278 
19 4 17 0.206148 3 -0.131280 0.057538 -0.016099 18 -0.109242 2 -0.003044 -0.160214 20 0.153376 4 0.012550 0.018054 0.063511 -0.147270 34 0.095323 4 0.102028 -0.106161 0.006054 0.151332 
20 4 17 0.051782 3 0.132951 0.038821 0.106192 19 0.037780 4 -0.115255 0.082407 0.091364 -0.102916 21 0.031356 4 0.013901 0.285836 0.096179 0.124489 37 -0.079218 3 0.060705 -0.115783 -0.189891 
21 4 20 -0.026380 4 -0.008019 -0.101577 -0.144454 -0.013863 22 -0.028056 4 0.043202 0.225299 -0.045958 0.009049 34 0.193477 4 0.260813 -0.103717 0.025310 -0.026660 45 0.038298 4 0.131748 0.011170 0.127144 0.041178 
22 4 21 -0.321694 4 0.075792 -0.167234 -0.073349 -0.132321 23 0.015646 4 -0.151156 0.091144 0.104388 -0.013704 33 -0.006145 4 -0.099040 0.104440 0.182466 0.070341 50 -0.110367 4 -0.082215 -0.044931 0.070321 0.006223 
23 4 22 -0.026126 4 0.102644 -0.098191 0.153617 -0.028788 24 0.029417 4 -0.071130 -0.117496 0.085577 -0.033618 29 0.159767 4 -0.027419 -0.037730 -0.103973 -0.070840 51 -0.075580 3 -0.011919 0.216942 -0.037663 
24 4 23 -0.019478 4 0.079869 -0.094203 0.087311 0.089600 25 -0.105299 4 0.071552 0.037160 -0.182520 -0.014160 26 -0.011211 3 0.060139 -0.180929 -0.041891 54 0.015488 4 0.119755 0.003376 0.135631 -0.033833 
25 4 24 -0.097560 4 0.123867 0.015980 0.067826 -0.144173 26 0.152571 3 -0.147953 0.048835 -0.035871 27 -0.098617 2 -0.182518 -0.045307 29 -0.048579 4 -0.035555 -0.085477 -0.124682 0.022177 
26 3 24 0.034542 4 0.033563 -0.080249 0.132374 -0.048741 25 0.095863 4 -0.198070 0.002290 0.081362 -0.189753 36 -0.063992 2 0.187751 -0.029067 
27 2 25 -0.023719 4 -0.082288 0.028371 -0.053950 0.094974 28 0.018141 3 0.132790 0.043738 -0.000551 
28 3 27 -0.030259 2 -0.170333 -0.076379 29 -0.000217 4 0.002181 -0.199822 -0.105393 0.014950 31 -0.014487 3 -0.123191 -0.077123 0.030126 
29 4 23 0.309544 4 0.018943 0.011857 0.244089 0.067060 25 -0.006116 4 -0.067953 0.004853 0.116048 0.180872 28 -0.035152 3 0.068462 -0.077804 0.068555 30 -0.065414 3 0.056833 0.052527 -0.005368 
30 3 29 0.138558 4 -0.021787 0.009695 -0.059884 0.059438 31 0.060513 3 -0.005069 0.133166 0.074564 33 -0.066270 4 0.022634 0.133150 0.086831 0.034005 
31 3 28 0.021407 3 -0.091060 0.133259 -0.012633 30 -0.275539 3 -0.035160 0.003014 0.106832 32 0.093573 3 0.011857 -0.113659 -0.028085 
32 3 31 -0.142647 3 -0.080621 -0.027180 -0.125132 33 0.176636 4 0.035577 -0.034479 -0.088386 -0.058125 35 -0.150263 3 0.127044 -0.119508 0.048605 
33 4 22 -0.043490 4 0.016895 -0.119362 0.004007 -0.092534 30 0.064393 3 0.083588 0.055128 -0.011702 32 -0.003975 3 -0.098921 -0.051987 -0.049813 34 -0.064929 4 0.034540 0.124624 0.075868 -0.044511 
34 4 19 -0.049014 4 -0.188299 -0.073589 0.035267 -0.106112 21 -0.029876 4 -0.000516 0.147262 0.162547 0.017582 33 0.157045 4 0.176981 0.056983 0.070894 0.055656 35 -0.219105 3 -0.049304 0.019602 0.051774 
35 3 18 0.033837 2 0.118553 -0.257135 32 -0.042496 3 -0.085399 0.138666 0.065193 34 -0.080709 4 0.021781 0.052259 0.118328 -0.094529 
36 2 26 -0.071532 3 0.041103 -0.188095 0.013209 55 0.038685 3 0.009617 0.125998 -0.073474 
37 3 20 0.074410 4 0.054543 0.095581 -0.070671 0.031163 38 -0.162482 3 0.004876 -0.017382 -0.049826 44 -0.140884 4 -0.066230 -0.116797 -0.046331 -0.093004 
38 3 37 0.136802 3 -0.004616 0.156504 -0.029627 39 -0.034656 4 0.097164 0.048797 0.135050 -0.000648 44 0.055073 4 -0.009942 -0.015129 -0.121747 0.203250 
39 4 16 -0.014748 3 -0.142699 -0.012399 -0.036647 38 0.084284 3 0.007364 -0.143116 0.077855 40 0.087732 4 -0.004319 -0.022897 0.142176 0.067468 43 0.157222 4 0.171879 0.131447 -0.054716 -0.025585 
40 4 16 0.055525 3 0.124720 -0.041713 -0.007518 39 -0.054354 4 -0.044897 0.041733 0.107526 -0.060893 41 -0.184156 3 -0.050186 0.095373 0.171020 42 -0.098565 4 0.095241 -0.137286 -0.006841 0.031451 
41 3 40 -0.090407 4 0.007284 -0.052894 -0.175581 0.120694 42 0.066079 4 0.106157 0.072328 -0.037779 -0.131451 71 -0.000020 4 0.058354 -0.086127 -0.023974 0.124969 
42 4 40 -0.112983 4 0.096154 -0.032912 0.036623 -0.066281 41 -0.120782 3 -0.078420 -0.019810 -0.128696 43 -0.077362 4 0.188834 0.050386 -0.076236 -0.000699 47 -0.070266 3 0.096047 -0.017377 -0.022985 
43 4 39 0.009195 4 0.077779 0.147653 0.086876 0.013579 42 0.010879 4 0.053053 0.002322 -0.044828 -0.065846 44 -0.151003 4 -0.078519 -0.084703 0.001087 -0.158840 46 -0.049971 4 -0.012803 -0.151322 -0.026839 -0.092027 
44 4 37 -0.088217 3 0.014583 0.097315 -0.167996 38 0.000509 3 -0.074864 -0.074900 -0.046070 43 0.026510 4 -0.019382 -0.092903 -0.025628 0.099326 45 -0.173038 4 0.014404 -0.049906 0.030543 0.054390 
45 4 21 -0.045439 4 -0.177663 -0.017485 0.198671 0.005736 44 0.084164 4 0.017478 0.157629 -0.120493 0.085306 46 0.021609 4 -0.030732 0.024801 0.060266 -0.020771 50 0.062110 4 -0.063601 0.064202 -0.012306 0.010869 
46 4 43 -0.020950 4 0.059646 0.090130 -0.024823 -0.097326 45 0.109560 4 0.042613 0.131058 -0.061999 0.049944 47 -0.122184 3 0.141430 -0.007282 0.033056 49 0.051954 4 -0.011028 -0.092475 -0.080088 -0.123074 
47 3 42 0.184797 4 -0.016812 0.180287 0.023371 0.162807 46 -0.051084 4 -0.089801 -0.049948 0.173430 -0.135896 48 -0.024489 4 -0.130377 0.199662 0.098456 0.023521 
48 4 47 -0.218573 3 0.006366 0.111557 0.065007 49 -0.098441 4 0.075206 0.143619 0.128585 0.023960 53 0.081647 3 -0.134934 0.137032 -0.100153 60 0.041989 4 -0.249325 0.038022 0.014899 -0.058845 
49 4 46 -0.110494 4 0.014918 0.138525 0.034488 -0.028751 48 0.047345 4 0.010470 -0.165898 -0.148893 -0.106917 50 -0.097829 4 -0.114429 0.220748 0.057093 0.098822 52 0.099452 4 -0.028930 -0.073184 0.079707 0.040944 
50 4 22 -0.045878 4 -0.042417 -0.179273 0.208843 0.202039 45 -0.079549 4 -0.107036 0.124784 -0.029473 -0.061935 49 -0.197883 4 -0.103833 -0.045739 0.016631 -0.143483 51 0.044552 3 0.011473 -0.153636 -0.017160 
51 3 23 -0.087236 4 -0.095715 0.125512 -0.070255 -0.022529 50 0.065422 4 0.042750 -0.020768 -0.057730 -0.176589 52 -0.043799 4 -0.039408 0.114100 0.041882 -0.115938 
52 4 49 0.053803 4 0.095572 -0.013826 0.073981 0.015175 51 0.112265 3 -0.231997 -0.106636 0.159689 53 0.095986 3 -0.019012 -0.061177 0.027247 54 -0.061594 4 0.057434 -0.072698 0.030599 -0.126745 
53 3 48 0.139092 4 -0.068335 -0.062559 0.018858 0.191659 52 -0.028859 4 0.059647 -0.091137 -0.167849 -0.078372 59 0.066918 4 0.149395 0.052155 -0.108740 0.133272 
54 4 24 -0.130684 4 -0.084568 -0.003657 -0.070178 -0.001291 52 -0.005062 4 -0.068554 -0.074234 -0.074257 0.203434 55 0.098945 3 -0.200590 0.102311 -0.046327 58 0.029460 4 0.055115 0.103441 -0.146680 0.074057 
55 3 36 0.074292 2 -0.025473 -0.103060 54 -0.189289 4 -0.003190 -0.009206 0.030797 0.040365 56 -0.159878 2 -0.030542 0.074838 
56 2 55 -0.084632 3 0.030778 0.127412 0.142383 57 0.004420 3 -0.049056 -0.027660 0.107013 
57 3 56 -0.005768 2 0.202725 0.129742 58 -0.012262 4 -0.000092 0.021166 0.160945 -0.112257 67 0.011724 3 -0.024594 -0.079185 0.139707 
58 4 54 -0.306887 4 -0.125043 -0.052120 0.006046 0.033019 57 0.103715 3 -0.039698 -0.101628 -0.033120 59 -0.007614 4 -0.032577 -0.118515 -0.133822 0.020391 65 -0.118631 4 0.069458 0.053374 -0.000014 -0.062646 
59 4 53 0.114988 3 -0.165881 -0.100923 -0.062125 58 -0.091443 4 -0.029753 0.024311 0.022073 0.081848 60 -0.041596 4 0.034045 -0.140106 0.077681 -0.108395 64 -0.000651 4 -0.048276 -0.074930 0.061808 -0.177891 
60 4 48 0.036125 4 0.057518 -0.076473 -0.088944 -0.136750 59 0.048394 4 -0.086962 -0.127225 -0.094877 0.113169 61 0.046052 4 -0.023552 -0.110744 0.113538 0.056084 71 0.092029 4 0.033534 -0.059189 0.062645 -0.069294 
61 4 60 -0.084241 4 -0.083188 -0.065208 -0.050010 0.048254 62 0.182037 3 0.086026 -0.204165 -0.050331 64 0.093548 4 -0.148597 0.116391 0.156667 -0.068922 70 -0.100819 4 0.083134 0.051721 0.035481 0.088905 
62 3 61 0.067591 4 0.072024 0.020601 -0.076012 0.148846 63 0.041914 3 -0.102516 -0.010616 -0.036329 69 -0.022348 2 0.099012 0.117815 
63 3 62 -0.114297 3 0.128766 0.140261 -0.142277 64 -0.026230 4 0.036053 0.000879 -0.063130 0.018194 66 0.033612 3 -0.031566 -0.123981 -0.080650 
64 4 59 -0.052377 4 -0.096659 -0.090060 -0.013428 0.019687 61 0.078826 4 -0.098418 -0.155396 -0.105684 0.060531 63 0.022803 3 0.086152 -0.142553 0.034790 65 0.098072 4 -0.045616 -0.093592 0.027957 -0.139405 
65 4 58 0.119975 4 -0.138184 -0.038690 -0.232492 -0.081693 64 -0.021553 4 -0.134697 -0.178990 -0.089314 0.003379 66 0.096122 3 -0.032267 0.219050 -0.017976 67 -0.015691 3 -0.089705 0.070042 0.061082 
66 3 63 0.068345 3 -0.095220 -0.012563 -0.118383 65 0.103496 4 -0.038090 -0.033015 0.209605 0.067052 68 0.090942 2 -0.119003 -0.145341 
67 3 57 0.088167 3 -0.072292 0.033605 0.186581 65 0.011078 4 -0.062200 -0.018037 -0.159471 0.120094 68 -0.072676 2 0.058541 0.087505 
68 2 66 -0.006606 3 0.072894 -0.209104 0.111852 67 -0.050838 3 -0.006978 -0.061889 -0.046386 
69 2 62 -0.141641 3 0.108484 0.190049 0.101350 70 -0.064346 4 0.180908 -0.054576 -0.152931 -0.039498 
70 4 61 -0.011533 4 -0.108356 -0.111188 -0.037991 -0.150250 69 -0.108410 2 -0.090923 -0.011387 71 0.123290 4 0.010907 -0.079517 -0.026887 -0.003280 80 -0.009216 2 -0.036175 0.069917 
71 4 41 -0.012154 3 -0.090928 0.045296 0.150136 60 0.127842 4 0.166906 -0.052492 0.050016 -0.098001 70 -0.208501 4 0.046844 -0.167212 -0.172529 -0.092075 72 0.020629 3 -0.183498 0.050021 0.007065 
72 3 71 -0.021348 4 0.098812 0.030716 0.065028 -0.098695 73 -0.152698 3 0.086739 -0.002767 -0.065801 74 -0.102781 3 0.113822 0.074583 -0.018758 
73 3 72 -0.054422 3 0.027661 -0.037608 -0.084693 74 -0.039328 3 0.020944 -0.027138 -0.038993 76 -0.006345 3 0.036217 -0.047702 -0.032699 
74 3 72 0.068756 3 0.166671 -0.227192 -0.076603 73 0.047566 3 -0.127001 0.203686 -0.025658 75 -0.073540 3 0.163765 0.017853 0.006173 
75 3 74 -0.138662 3 -0.117746 -0.107334 -0.007085 76 -0.079917 3 -0.062323 0.206749 -0.114258 77 -0.011022 3 0.139134 0.042484 -0.034078 
76 3 73 -0.055905 3 -0.103440 -0.074786 -0.067844 75 -0.061122 3 -0.135007 0.152472 -0.081449 79 0.023010 3 -0.121723 0.001693 0.002007 
77 3 11 -0.062502 5 -0.138336 -0.047451 0.024329 0.128671 -0.035106 75 0.041426 3 0.092196 -0.161879 -0.040626 78 0.004821 2 0.017200 -0.241835 
78 2 77 0.102335 3 0.022457 -0.062363 -0.111166 79 -0.018199 3 0.117528 0.029438 -0.075326 
79 3 76 0.085703 3 -0.036824 -0.144135 -0.105300 78 -0.029013 2 0.136561 0.200581 80 0.081520 2 0.075906 -0.073700 
80 2 70 0.012963 4 0.034343 -0.054262 -0.070489 0.098831 79 0.032233 3 0.199346 0.027561 0.098281 
