80
1 2 2 -0.069619 3 -0.043193 -0.038387 -0.003719 4 -0.033881 3 -0.097571 -0.053891 0.065584 
2 3 1 -0.026797 2 0.099358 -0.003029 3 -0.044757 2 0.022979 -0.077458 5 0.060440 4 -0.048116 -0.040645 0.052373 -0.024770 
3 2 2 0.002347 3 0.114563 -0.102162 0.030227 6 -0.092808 4 -0.064605 0.002642 0.012096 -0.214586 
4 3 1 0.132636 2 -0.020796 -0.069304 5 -0.071745 4 0.196784 0.104636 -0.016534 -0.057983 8 0.087436 3 -0.021719 0.024010 0.102122 
5 4 2 -0.042998 3 -0.009025 0.083927 -0.029735 4 -0.054361 3 0.115502 -0.044526 -0.110937 6 0.082124 4 0.114076 0.093307 -0.052065 -0.058971 9 -0.009742 4 0.138138 -0.030433 0.019543 0.115882 
6 4 3 -0.022063 2 0.003298 -0.095516 5 -0.136213 4 -0.027311 0.115778 -0.070379 0.114116 7 -0.001322 3 -0.015813 -0.096847 -0.089270 10 0.032167 4 0.090946 0.033234 0.027076 -0.148233 
7 3 6 -0.117406 4 0.119440 -0.013116 0.041605 0.134247 11 -0.042721 5 -0.116386 0.042856 -0.132931 -0.192292 0.129002 17 0.085748 3 0.007656 0.043113 -0.100516 
8 3 4 -0.011148 3 0.035400 -0.078851 0.048382 9 0.004649 4 -0.086370 0.037491 0.272235 0.083216 12 -0.044870 3 -0.046905 -0.023507 -0.151719 
9 4 5 -0.124317 4 0.010934 0.105774 0.115683 -0.063555 8 -0.165576 3 0.036759 0.030639 0.005609 10 -0.037508 4 -0.070547 -0.072407 0.000435 -0.041874 13 0.047370 4 -0.042779 0.053202 0.071441 -0.005557 
10 4 6 0.083026 4 0.031058 0.124818 -0.058424 0.037062 9 0.088170 4 0.050083 -0.024446 -0.023526 -0.001960 11 -0.019290 5 -0.075555 0.147264 0.000515 -0.076440 -0.032286 14 0.010872 3 0.145779 -0.178488 0.052172 
11 5 7 0.016484 3 0.085151 0.074530 -0.137277 10 0.070748 4 0.179202 -0.030494 0.028987 -0.061920 14 0.003125 3 -0.004866 -0.137176 -0.036529 16 -0.092209 3 -0.080359 -0.027330 0.034009 77 -0.020052 3 0.006008 0.095158 0.010734 
12 3 8 -0.199109 3 -0.272687 -0.049235 0.111786 13 -0.052887 4 0.104975 0.198441 -0.074187 0.133977 15 -0.072368 2 0.017058 0.070697 
13 4 9 0.242664 4 0.031672 0.043207 0.022690 -0.043989 12 -0.069176 3 -0.237778 -0.123909 -0.154595 14 0.114768 3 -0.047894 -0.246387 0.034914 15 -0.245464 2 0.097130 -0.149141 
14 3 10 -0.093745 4 -0.012022 -0.050988 -0.047444 0.080088 11 -0.057013 5 -0.022533 -0.057257 -0.110119 0.010493 0.029299 13 -0.116091 4 0.010629 0.035320 0.073230 0.102799 
15 2 12 -0.000132 3 -0.058927 0.008784 0.045694 13 -0.008561 4 0.005319 0.034310 -0.102254 0.062415 
16 3 11 -0.060285 5 -0.048416 -0.017939 0.194816 -0.008228 0.030450 39 0.099641 4 -0.247330 0.088766 0.160407 -0.115580 40 0.077076 4 -0.022356 -0.074201 -0.200637 -0.135835 
17 3 7 0.065508 3 -0.004408 0.002104 0.069108 19 0.017425 4 -0.034240 -0.033312 0.155467 -0.072945 20 0.002002 4 -0.080834 0.050563 0.055876 -0.003379 
18 2 19 0.083192 4 0.001810 -0.068140 0.122421 0.020756 35 0.073331 3 0.075267 0.112165 0.070992 
19 4 17 -0.195966 3 -0.207286 0.107849 -0.053862 18 0.070899 2 0.009797 0.017032 20 -0.119838 4 -0.171196 0.151890 0.030934 0.069909 34 -0.175706 4 -0.013953 0.052184 -0.003325 -0.027115 
20 4 17 0.056429 3 0.106389 -0.006559 -0.109297 19 0.103446 4 0.056819 -0.077202 -0.061474 -0.055048 21 0.032688 4 0.111579 0.014128 -0.111007 -0.032548 37 -0.097833 3 0.059381 -0.017860 -0.048629 
21 4 20 0.109570 4 -0.214263 -0.119541 -0.001335 -0.180872 22 0.133520 4 -0.047847 -0.051357 -0.068570 -0.094152 34 0.075557 4 0.084331 -0.169258 0.072568 -0.029749 45 -0.059536 4 -0.027150 0.063104 0.049178 0.312244 
22 4 21 0.039371 4 -0.139880 0.078866 0.109537 0.068404 23 0.060564 4 0.020654 0.062315 -0.278184 0.079120 33 -0.045374 4 0.037521 0.093806 -0.033371 0.006380 50 0.104584 4 -0.008044 -0.147283 0.162444 -0.204983 
23 4 22 0.108841 4 0.004336 -0.074902 0.074114 0.007434 24 0.056607 4 -0.217186 0.137692 -0.075404 -0.144360 29 0.155259 4 -0.077273 0.060411 -0.035282 -0.278575 51 0.130924 3 0.144640 -0.033708 0.099101 
24 4 23 0.047366 4 0.108418 0.046144 0.009646 0.142933 25 -0.163647 4 -0.143513 -0.065771 -0.128646 -0.047150 26 0.072469 3 -0.148497 0.132227 0.017078 54 -0.107192 4 0.053653 0.060134 0.168577 -0.065851 
25 4 24 -0.134177 4 -0.138899 -0.111660 0.054900 0.017293 26 -0.010433 3 0.027966 0.022348 -0.029774 27 0.002495 2 -0.172047 0.019875 29 -0.083546 4 0.160431 -0.118457 0.101072 0.137739 
26 3 24 -0.052971 4 -0.084085 -0.002661 0.026223 0.109948 25 -0.136170 4 0.109534 0.012853 0.013606 -0.054297 36 -0.053523 2 0.018983 -0.176814 
27 2 25 -0.108990 4 0.052608 0.230392 0.112596 -0.149110 28 0.149998 3 0.129936 -0.166413 0.126816 
28 3 27 0.102768 2 0.005562 -0.149165 29 0.043486 4 -0.109867 0.020006 0.096109 -0.077276 31 -0.090757 3 -0.112638 -0.066665 0.073842 
29 4 23 0.196817 4 0.089438 0.007821 0.145082 -0.011966 25 0.090289 4 0.062591 -0.094637 0.028119 0.023434 28 0.031187 3 -0.045681 -0.035958 0.066130 30 0.078529 3 0.090557 -0.117045 -0.053917 
30 3 29 0.006023 4 0.137646 0.060575 0.202837 -0.035223 31 -0.054112 3 -0.017656 -0.020423 -0.015902 33 -0.058961 4 0.115252 0.103595 0.409042 0.134575 
31 3 28 -0.068134 3 -0.211854 -0.066414 0.027040 30 0.207072 3 -0.070796 -0.032730 -0.009045 32 -0.049467 3 -0.044546 -0.181162 0.002386 
32 3 31 -0.238605 3 -0.098346 0.030077 -0.251013 33 0.052320 4 0.014376 -0.017419 0.036401 -0.053292 35 0.053696 3 -0.109249 -0.016343 0.022720 
33 4 22 0.005472 4 -0.089331 -0.109497 -0.044170 -0.170335 30 -0.066816 3 -0.182920 -0.188590 0.032048 32 0.105731 3 0.017285 0.005913 0.322893 34 -0.124419 4 0.045062 0.063582 -0.019033 -0.162288 
34 4 19 0.005342 4 0.130933 0.116501 0.045200 -0.203724 21 -0.003174 4 0.068679 0.033650 0.213298 0.006340 33 0.087199 4 -0.069169 -0.093832 -0.030390 -0.043785 35 -0.063855 3 0.107773 0.226282 -0.122632 
35 3 18 0.112541 2 -0.019007 -0.021289 32 -0.120168 3 -0.178701 0.017542 -0.050450 34 0.115422 4 -0.061123 0.118186 0.065947 -0.072722 
36 2 26 -0.069855 3 0.086758 -0.036959 -0.061921 55 -0.113416 3 -0.001569 -0.101516 -0.040515 
37 3 20 0.018191 4 -0.051677 -0.028293 -0.012086 0.197370 38 -0.096348 3 0.077157 -0.049099 0.094105 44 -0.067754 4 0.082352 0.095370 0.004957 -0.134309 
38 3 37 -0.053445 3 0.062056 0.036449 -0.099716 39 0.080071 4 0.187224 -0.034648 0.083477 -0.101614 44 0.128758 4 0.140722 -0.026977 -0.053087 0.085077 
39 4 16 -0.241451 3 -0.023422 0.170288 0.183529 38 0.019404 3 0.012133 0.248016 -0.059771 40 -0.171542 4 -0.083716 -0.127618 -0.124097 0.042166 43 0.006067 4 -0.041228 0.076077 0.030573 -0.063257 
40 4 16 0.125066 3 -0.044510 -0.085646 0.020987 39 0.043612 4 -0.023887 0.082729 -0.302847 0.182933 41 -0.092561 3 -0.112409 0.082835 -0.185729 42 0.049880 4 0.066031 -0.120739 0.234069 0.003636 
41 3 40 0.070795 4 0.009974 -0.079474 -0.038212 0.003322 42 -0.004417 4 0.002380 -0.017341 -0.133354 -0.117032 71 -0.009255 4 0.043207 0.042805 -0.084329 0.172960 
42 4 40 -0.132232 4 0.002425 0.146360 -0.069701 0.160235 41 0.120885 3 0.025764 0.065421 -0.127575 43 0.007191 4 0.008453 0.188043 0.002398 0.008181 47 -0.128169 3 0.094125 0.070479 -0.008741 
43 4 39 0.006810 4 0.029930 0.073970 0.000617 -0.102053 42 -0.024647 4 0.113932 0.022764 0.006924 0.113721 44 0.059738 4 -0.178594 0.120932 0.017076 0.050520 46 -0.081036 4 0.095463 -0.159377 0.192718 -0.013460 
44 4 37 0.125235 3 -0.227194 -0.164152 0.127272 38 -0.095794 3 0.018010 -0.005392 0.031131 43 0.188683 4 -0.097602 0.036503 -0.051014 0.026156 45 0.007749 4 0.160050 0.063145 0.140412 0.117826 
45 4 21 0.100708 4 0.010029 -0.017067 0.071091 -0.116791 44 0.033538 4 -0.012987 0.054162 0.055676 -0.060848 46 0.043010 4 0.022786 0.000757 -0.115663 -0.091691 50 0.071091 4 -0.043372 0.106828 0.072501 0.132431 
46 4 43 -0.021022 4 0.088053 0.033612 0.003171 0.020585 45 0.147995 4 0.130711 0.026860 0.102408 -0.003377 47 0.240321 3 -0.209079 -0.031606 0.013294 49 0.042464 4 -0.066503 -0.004675 -0.150424 -0.067333 
47 3 42 0.002076 4 -0.080041 -0.022820 0.046014 0.056644 46 -0.055070 4 0.104666 0.100854 -0.043563 0.153475 48 0.156001 4 0.009335 -0.098835 -0.094302 -0.095602 
48 4 47 -0.100888 3 -0.128646 0.129589 -0.026280 49 -0.017180 4 0.101250 -0.051349 0.142866 0.034724 53 -0.013939 3 -0.094451 0.079787 0.060385 60 -0.127277 4 -0.155943 -0.139571 0.013869 -0.070214 
49 4 46 0.149228 4 -0.052049 0.076412 0.029853 0.105273 48 -0.077399 4 0.029578 0.145871 -0.035219 0.014127 50 0.042021 4 -0.006379 0.013278 -0.109166 0.069545 52 -0.044589 4 -0.063878 -0.101163 0.256297 -0.103651 
50 4 22 -0.106494 4 -0.229618 -0.029167 -0.087843 0.180857 45 -0.055985 4 0.050820 0.027596 -0.040476 -0.005832 49 -0.019461 4 -0.180933 -0.065760 0.110082 -0.120027 51 -0.221650 3 -0.077749 0.051124 0.031796 
51 3 23 -0.112545 4 0.078364 0.093043 -0.032941 0.237310 50 -0.117355 4 -0.013686 0.088604 -0.013494 0.025938 52 -0.091077 4 -0.145335 0.037203 -0.029586 -0.147704 
52 4 49 -0.033822 4 0.027874 -0.231608 0.038454 0.101689 51 0.015156 3 -0.061808 0.042853 0.031770 53 0.022306 3 -0.066709 0.008627 -0.118525 54 0.058405 4 0.068719 0.097651 -0.002919 -0.052907 
53 3 48 -0.015501 4 0.198748 -0.172799 0.143703 0.088884 52 -0.041955 4 0.112688 0.130952 -0.251145 0.047043 59 0.085368 4 0.003876 0.003827 -0.072463 -0.162233 
54 4 24 -0.018815 4 -0.096644 0.037246 0.005968 0.058917 52 0.025234 4 0.078176 -0.111105 -0.001497 0.050481 55 0.009445 3 -0.082605 0.146107 0.087844 58 0.003064 4 -0.037860 0.009215 0.062084 -0.065448 
55 3 36 0.053668 2 -0.188602 0.042951 54 0.062095 4 0.007060 -0.121050 0.136449 0.052416 56 -0.062200 2 -0.005083 0.056964 
56 2 55 0.045927 3 0.009880 -0.061043 -0.171354 57 -0.015005 3 -0.042861 0.034723 -0.098494 
57 3 56 0.043459 2 -0.101757 0.135313 58 -0.083596 4 0.068185 0.072209 -0.214856 -0.055095 67 -0.240723 3 0.121332 0.033919 -0.204457 
58 4 54 0.106990 4 0.088762 0.008934 0.105258 -0.174647 57 0.079827 3 0.090580 -0.042693 0.044305 59 0.216427 4 -0.199624 0.053012 -0.238682 0.031851 65 0.006896 4 0.000566 0.006369 0.086103 -0.040210 
59 4 53 -0.003961 3 -0.041003 0.019502 0.139413 58 0.165545 4 -0.046775 -0.071250 -0.144477 0.159758 60 -0.058308 4 0.071674 0.041897 0.143981 0.022691 64 0.056092 4 -0.068495 -0.037196 0.066749 0.196394 
60 4 48 0.037900 4 0.070730 -0.026123 -0.000645 0.042340 59 -0.068382 4 -0.029028 -0.154677 -0.074311 -0.070108 61 -0.013551 4 -0.107766 -0.052650 0.005687 -0.097044 71 -0.015903 4 -0.029868 0.087330 0.050126 0.044656 
61 4 60 -0.005294 4 -0.015577 0.050049 -0.070762 -0.012594 62 -0.027960 3 -0.227897 0.031795 -0.200592 64 -0.100316 4 -0.075338 0.130961 0.167138 0.156309 70 -0.124467 4 -0.109083 -0.076348 -0.013802 0.004207 
62 3 61 0.031557 4 -0.009749 0.077649 0.001138 0.103666 63 -0.093726 3 0.037521 0.027120 -0.047167 69 0.024966 2 0.045587 0.089476 
63 3 62 0.312168 3 0.136047 0.057132 -0.155820 64 -0.020055 4 0.185038 -0.055571 0.070504 -0.284061 66 0.001569 3 0.246347 -0.116634 -0.070377 
64 4 59 0.164516 4 -0.033767 0.030608 -0.105906 0.099031 61 0.073607 4 -0.202616 -0.002784 0.010573 -0.030863 63 0.127552 3 -0.181960 0.032654 -0.095555 65 0.080513 4 0.065635 -0.023737 0.081391 0.071642 
65 4 58 -0.100902 4 0.025971 0.024343 -0.024467 0.069818 64 -0.019861 4 -0.089900 -0.014336 -0.011670 -0.042760 66 -0.094142 3 -0.041170 -0.055613 0.053903 67 0.019682 3 0.145656 0.110907 -0.131309 
66 3 63 -0.156196 3 0.013157 0.039420 -0.086064 65 0.140323 4 -0.015905 0.067709 -0.096812 -0.003155 68 0.165292 2 0.091790 -0.009874 
67 3 57 -0.069243 3 0.105969 0.046426 -0.067322 65 -0.106619 4 0.147614 0.018970 -0.138340 -0.078488 68 -0.131459 2 -0.101648 -0.231677 
68 2 66 0.111057 3 -0.011138 0.022396 0.049346 67 0.022810 3 0.046799 0.045131 -0.076818 
69 2 62 -0.081187 3 -0.110609 0.032860 -0.065394 70 0.078106 4 0.012424 -0.057918 -0.023761 0.106510 
70 4 61 0.045706 4 -0.061024 -0.253576 -0.038775 0.017952 69 -0.075943 2 0.111626 -0.032391 71 0.040617 4 -0.001337 0.052370 0.061672 0.109464 80 -0.021325 2 -0.088465 0.054899 
71 4 41 0.202572 3 -0.058036 0.010480 0.130372 60 0.124917 4 -0.050537 0.153329 -0.004164 -0.057739 70 -0.012089 4 0.068498 -0.100233 -0.045436 -0.034608 72 0.134593 3 -0.087275 0.063119 0.097601 
72 3 71 0.048086 4 -0.065841 0.078317 -0.102600 0.055592 73 -0.004048 3 -0.085709 -0.086229 0.104184 74 0.142043 3 -0.040807 -0.117243 0.004751 
73 3 72 0.020035 3 -0.099680 -0.184381 -0.032330 74 -0.069031 3 -0.174068 -0.015884 -0.239523 76 0.090570 3 -0.076868 -0.035274 -0.033889 
74 3 72 -0.022953 3 0.008196 -0.120584 0.014085 73 0.040252 3 0.017355 -0.070918 0.358051 75 -0.128354 3 0.118612 0.092513 0.001391 
75 3 74 -0.171390 3 -0.186357 -0.085853 -0.060100 76 -0.113218 3 0.025260 -0.080784 0.022050 77 0.098975 3 0.080694 -0.032116 -0.127279 
76 3 73 -0.038413 3 0.015048 0.037533 -0.142033 75 0.153513 3 0.120217 -0.004090 -0.069691 79 -0.018841 3 -0.045930 0.091976 0.000050 
77 3 11 0.264356 5 -0.012738 -0.066668 0.030295 -0.103350 0.020373 75 -0.117045 3 0.340881 -0.007251 -0.062253 78 -0.066145 2 0.080460 -0.072681 
78 2 77 0.033039 3 -0.062144 -0.024672 -0.012956 79 -0.071696 3 0.021946 0.049865 0.010206 
79 3 76 0.031064 3 -0.090577 -0.033442 -0.028571 78 -0.111219 2 -0.030101 0.138204 80 -0.096001 2 0.238202 -0.060771 
80 2 70 -0.103699 4 0.007282 0.043269 0.133867 0.018837 79 0.061209 3 -0.014751 0.044405 -0.133260 
