80
1 2 2 0.024554 3 -0.034042 0.038206 0.096085 4 -0.169740 3 0.034073 -0.003118 0.130058 
2 3 1 -0.041772 2 -0.117680 -0.097639 3 -0.029508 2 -0.018366 -0.184648 5 -0.062328 4 0.059270 -0.058257 -0.034114 -0.057274 
3 2 2 -0.010103 3 0.198739 -0.060818 -0.001610 6 0.016053 4 -0.049918 0.016262 0.004629 0.073815 
4 3 1 -0.061478 2 -0.119002 -0.034665 5 -0.135664 4 -0.181618 0.026423 0.093769 0.040847 8 0.063637 3 -0.083720 0.051348 -0.053029 
5 4 2 0.067540 3 -0.016078 0.048632 -0.162941 4 0.083559 3 -0.089065 -0.044631 0.026534 6 -0.099818 4 -0.022565 -0.015811 -0.048295 0.183047 9 -0.012607 4 0.032042 -0.097029 0.041825 -0.213554 
6 4 3 -0.126809 2 0.091040 -0.215888 5 -0.025545 4 0.059735 -0.167853 -0.021842 -0.131318 7 0.150076 3 0.022761 -0.067270 -0.044477 10 -0.072892 4 0.172718 -0.101101 0.084892 -0.076674 
7 3 6 0.142984 4 -0.040058 0.127004 0.047822 0.044277 11 0.090384 5 0.115423 -0.058811 -0.016663 0.039634 0.022551 17 0.063046 3 0.091701 -0.175965 -0.090757 
8 3 4 -0.079809 3 -0.126129 -0.154673 0.058806 9 -0.034150 4 -0.044269 -0.105630 -0.019987 -0.173860 12 0.028074 3 -0.122330 0.031240 -0.173015 
9 4 5 0.006397 4 0.150378 -0.131487 -0.005508 -0.072486 8 -0.064943 3 -0.016992 0.041196 0.122336 10 0.066022 4 0.121527 -0.042625 -0.017953 0.024437 13 -0.044875 4 0.165948 0.089948 -0.163890 -0.073352 
10 4 6 0.077071 4 -0.112530 -0.094035 0.071639 -0.046946 9 -0.149165 4 0.160001 0.052586 0.032119 0.209526 11 -0.000473 5 -0.039013 0.036881 0.061225 -0.064319 0.018675 14 -0.023249 3 -0.141784 0.103356 0.189825 
11 5 7 0.087262 3 0.030799 -0.218836 0.188150 10 -0.036294 4 -0.128005 -0.126936 -0.086151 -0.026905 14 0.107107 3 -0.138850 0.304898 -0.093187 16 -0.109340 3 0.088456 0.068472 -0.084660 77 -0.097187 3 -0.092009 0.168194 0.072499 
12 3 8 0.063579 3 -0.110121 -0.028001 -0.011283 13 -0.020071 4 0.063774 0.097697 0.100293 0.097508 15 -0.137252 2 0.029774 0.168255 
13 4 9 0.046528 4 -0.084133 0.208184 0.067916 0.145862 12 0.087734 3 -0.022127 -0.077378 0.053860 14 0.024227 3 0.047659 0.049004 0.020583 15 -0.000587 2 0.068023 0.049999 
14 3 10 -0.089144 4 -0.076964 -0.136686 0.045851 0.017235 11 -0.024978 5 0.049553 -0.148387 -0.064668 0.019986 0.134486 13 -0.078377 4 -0.119779 0.013109 0.021934 0.028563 
15 2 12 -0.011727 3 -0.081062 -0.081674 -0.054848 13 0.054659 4 0.006870 0.048662 0.206824 -0.159845 
16 3 11 0.015474 5 0.099118 0.104327 -0.010079 -0.094775 -0.034661 39 -0.114937 4 -0.033626 0.057817 0.024411 0.071628 40 0.135871 4 -0.007998 0.058579 -0.009756 0.179254 
17 3 7 0.045461 3 -0.070486 0.073296 0.225550 19 -0.180493 4 -0.058129 0.007061 0.076920 0.009037 20 0.167349 4 0.095402 0.029615 0.136705 -0.021625 
18 2 19 0.102766 4 -0.172826 0.078933 -0.036020 0.004714 35 -0.080298 3 0.063114 -0.193966 -0.035928 
19 4 17 -0.037459 3 0.058748 -0.228064 -0.111687 18 -0.035589 2 -0.081649 -0.048533 20 -0.033098 4 0.066502 -0.132831 -0.012616 0.063291 34 -0.032632 4 0.046998 0.006352 0.055625 0.157558 
20 4 17 -0.074664 3 0.012563 0.162560 0.179979 19 0.079442 4 -0.048137 -0.039254 0.060741 -0.075157 21 -0.041841 4 -0.165537 0.027174 0.043544 0.019721 37 0.156154 3 -0.096200 -0.039220 0.103032 
21 4 20 -0.119259 4 0.017998 -0.019327 -0.057406 -0.036318 22 0.055671 4 0.002974 0.030411 -0.070210 -0.099578 34 0.005192 4 0.004383 0.016304 0.003418 -0.061575 45 -0.210276 4 -0.165999 -0.017172 0.086575 0.181074 
22 4 21 0.105842 4 0.051670 0.033607 0.046281 0.010803 23 -0.041100 4 -0.081247 -0.060956 -0.114786 -0.014573 33 -0.004750 4 0.018402 0.084055 -0.040861 -0.095864 50 -0.022162 4 0.032682 -0.143637 -0.104297 -0.160524 
23 4 22 0.043928 4 0.005903 0.032709 -0.100861 -0.023358 24 0.068461 4 0.064791 0.023266 -0.027810 0.006317 29 -0.125861 4 -0.017060 -0.128281 0.050690 0.077600 51 0.188782 3 0.025302 0.035148 0.039520 
24 4 23 0.142830 4 0.034242 -0.045449 0.040040 0.049527 25 0.097710 4 0.137689 -0.169076 -0.153192 0.065561 26 0.073734 3 0.113280 0.031619 -0.119747 54 0.130867 4 -0.057234 0.101369 0.123222 0.070770 
25 4 24 -0.089700 4 -0.147198 0.045258 -0.194314 0.022620 26 -0.001969 3 -0.012025 0.075856 -0.012788 27 0.072485 2 -0.103578 -0.030073 29 0.079010 4 -0.012265 -0.149682 0.030790 -0.088212 
26 3 24 0.039388 4 0.111462 0.048630 -0.049952 -0.111484 25 0.058613 4 -0.168208 0.089437 0.131687 0.026677 36 0.006842 2 -0.058990 0.047629 
27 2 25 -0.086587 4 0.005379 0.027337 0.172582 -0.020315 28 0.049498 3 0.011731 -0.117449 -0.072217 
28 3 27 0.127833 2 0.102771 -0.054946 29 -0.062000 4 -0.184513 0.056268 0.057641 0.051816 31 -0.035015 3 0.082728 -0.066861 0.035786 
29 4 23 0.169615 4 -0.025255 0.043782 -0.087547 0.026690 25 -0.014669 4 -0.020715 0.194210 -0.011788 0.042122 28 -0.052993 3 0.045984 -0.050174 0.118411 30 0.016379 3 0.040779 0.102796 -0.067744 
30 3 29 -0.070694 4 -0.080886 0.054249 0.068482 0.061666 31 0.229633 3 0.098105 0.007287 -0.010831 33 0.161181 4 -0.104856 0.009242 0.056468 0.125395 
31 3 28 -0.019118 3 -0.072768 0.048213 0.074340 30 0.042762 3 0.109692 -0.013243 -0.108080 32 -0.095335 3 -0.041856 -0.079079 -0.001759 
32 3 31 -0.103856 3 -0.164066 -0.065962 -0.059120 33 0.055351 4 0.076876 0.097915 0.052413 -0.065734 35 -0.082982 3 -0.058249 -0.171325 0.132342 
33 4 22 0.045391 4 -0.184427 0.082928 -0.114356 0.005298 30 -0.065122 3 -0.023154 0.078759 0.139817 32 0.048675 3 -0.025522 0.132986 -0.143072 34 -0.136172 4 -0.134704 0.065039 0.054452 0.015199 
34 4 19 -0.142453 4 -0.164470 0.077295 0.122089 0.015273 21 -0.037385 4 -0.017080 -0.104135 -0.021255 0.103653 33 0.001970 4 0.008725 -0.001048 0.056410 -0.076675 35 0.073907 3 -0.038907 -0.124558 -0.159037 
35 3 18 0.005488 2 -0.035583 0.087512 32 -0.196119 3 -0.041566 0.088993 -0.084075 34 0.174006 4 -0.010809 -0.074195 0.045205 0.056817 
36 2 26 0.093224 3 -0.054179 -0.085706 -0.289125 55 0.068916 3 -0.147541 0.086678 0.201463 
37 3 20 0.068271 4 0.041106 0.003773 0.053518 -0.165818 38 -0.018278 3 0.105699 0.018295 -0.083960 44 -0.195046 4 0.000390 0.006487 0.010128 0.095439 
38 3 37 -0.071104 3 0.012465 0.011813 0.144605 39 -0.132137 4 -0.227075 0.039396 -0.143547 0.022495 44 0.120304 4 0.156378 -0.169742 0.011098 -0.077346 
39 4 16 0.051250 3 0.083202 0.031615 -0.120517 38 -0.263520 3 0.061226 0.080025 -0.094978 40 0.040284 4 -0.058660 0.140018 -0.034990 0.089321 43 -0.021440 4 0.149710 0.093737 0.140404 -0.044857 
40 4 16 0.003596 3 0.089225 0.151981 0.115922 39 -0.114937 4 0.181450 -0.170140 0.080170 0.018867 41 0.223868 3 0.023996 0.116365 0.001131 42 -0.071235 4 0.062326 -0.088146 0.017830 0.057350 
41 3 40 0.066232 4 0.004104 -0.045081 0.099493 0.158397 42 -0.111993 4 0.046677 -0.118548 0.002688 -0.010066 71 -0.039404 4 -0.253428 -0.028607 0.063180 0.070631 
42 4 40 -0.029656 4 -0.201890 -0.027268 0.081929 -0.063304 41 0.108717 3 0.068422 -0.103614 0.094844 43 -0.029300 4 0.140913 0.081367 -0.017820 -0.004522 47 -0.108833 3 -0.063959 -0.043830 0.062310 
43 4 39 0.012751 4 0.008226 0.015066 0.086616 0.058198 42 -0.010781 4 0.022973 0.098624 0.006600 -0.128921 44 0.110698 4 -0.009164 0.187490 -0.022933 -0.117668 46 -0.007515 4 0.019286 -0.044641 0.084361 0.120276 
44 4 37 0.037763 3 -0.008797 0.098941 -0.033709 38 -0.008005 3 -0.050593 -0.144679 -0.045500 43 0.102359 4 0.141365 0.028006 -0.065277 -0.060567 45 0.026401 4 -0.047568 0.087145 0.001334 0.018770 
45 4 21 0.136072 4 0.016561 -0.011184 -0.164219 0.136473 44 -0.136398 4 -0.158566 -0.263047 -0.044754 0.072469 46 -0.092763 4 -0.003171 -0.026331 -0.015475 0.038956 50 -0.036399 4 0.039705 0.078175 -0.075661 -0.094681 
46 4 43 0.116986 4 0.082535 -0.031197 -0.070125 -0.114967 45 -0.077791 4 -0.103649 -0.038003 0.056843 -0.109706 47 0.018330 3 0.152486 0.148917 0.124587 49 0.031349 4 0.010454 -0.042599 0.105093 0.002198 
47 3 42 -0.081013 4 0.028206 0.106615 -0.177630 0.115872 46 -0.065205 4 -0.051065 -0.172069 -0.026923 -0.092149 48 0.031499 4 -0.087501 -0.095859 0.061551 -0.074509 
48 4 47 -0.187411 3 -0.057196 0.014449 -0.137159 49 -0.015652 4 0.088828 -0.264602 -0.038862 -0.060206 53 0.014454 3 0.071054 0.040686 0.059502 60 -0.025689 4 -0.050465 0.185543 -0.047499 0.000346 
49 4 46 -0.103216 4 -0.069495 0.127520 -0.095519 -0.143092 48 0.091035 4 -0.031222 0.205722 -0.026703 -0.075167 50 -0.044944 4 0.001073 0.022557 -0.029361 0.048259 52 0.069003 4 -0.154158 -0.143268 -0.355579 0.008079 
50 4 22 -0.067926 4 0.144294 0.023812 0.012272 0.084533 45 0.020260 4 -0.034150 -0.060763 0.027060 0.072573 49 -0.026992 4 0.106019 -0.111412 -0.023973 -0.188180 51 -0.152789 3 -0.019339 -0.076195 0.042729 
51 3 23 0.074545 4 0.045267 0.097489 0.133694 0.147924 50 -0.009087 4 -0.199674 0.003625 -0.128067 0.073495 52 0.050991 4 -0.060684 -0.064068 -0.057303 -0.091550 
52 4 49 0.038693 4 -0.036805 0.108791 0.075930 0.010498 51 -0.049345 3 -0.025958 -0.311138 -0.062736 53 -0.101557 3 0.035195 0.041168 0.030163 54 0.070330 4 -0.106914 -0.009605 -0.072517 0.120222 
53 3 48 0.139194 4 0.139275 0.088634 -0.013528 0.064054 52 0.021733 4 -0.088351 0.140156 0.077264 -0.038584 59 0.247917 4 0.063186 -0.007098 0.060483 -0.069648 
54 4 24 0.110759 4 0.024498 -0.068154 -0.133798 -0.068595 52 0.099310 4 -0.048642 0.075854 -0.107108 0.062650 55 0.048152 3 -0.091825 0.105650 0.008637 58 0.081894 4 -0.014460 -0.120302 -0.114193 -0.022088 
55 3 36 0.074761 2 0.127084 0.005833 54 0.056975 4 -0.101156 0.089082 -0.010450 0.086890 56 -0.027340 2 -0.055525 0.018948 
56 2 55 -0.174395 3 -0.140609 -0.082712 0.069662 57 0.001869 3 0.053306 0.119753 0.050615 
57 3 56 -0.148335 2 0.017969 0.072959 58 -0.018244 4 0.079850 0.112975 0.158234 0.075635 67 -0.017238 3 -0.015420 -0.132748 -0.066249 
58 4 54 0.060858 4 -0.082087 -0.056330 0.146506 -0.091839 57 -0.050927 3 0.066853 -0.148433 -0.030162 59 0.119542 4 -0.008330 -0.056252 0.101342 -0.033299 65 -0.041495 4 0.123857 -0.066634 -0.118752 0.060703 
59 4 53 0.111064 3 0.189442 0.133835 0.107534 58 0.197101 4 0.064891 0.168389 0.137345 -0.031517 60 0.129667 4 0.014351 -0.088312 -0.015294 0.079242 64 0.018149 4 0.040794 -0.101590 0.125248 0.100484 
60 4 48 0.019368 4 0.117534 0.031658 0.097148 0.051297 59 0.047799 4 0.055087 -0.006263 -0.036861 -0.136548 61 0.007814 4 -0.012239 -0.064829 -0.073025 -0.035912 71 -0.019137 4 0.041389 -0.137039 0.018129 -0.032050 
61 4 60 -0.087693 4 -0.173050 -0.244519 0.089424 -0.043905 62 -0.053118 3 0.066221 0.027586 -0.055137 64 0.198495 4 0.082054 0.081866 0.015979 0.099362 70 -0.052681 4 0.038030 0.073987 -0.115657 0.107482 
62 3 61 0.163690 4 -0.174224 -0.048882 0.061151 -0.045995 63 0.080216 3 0.046590 0.056666 -0.063350 69 -0.077983 2 0.078231 0.026648 
63 3 62 -0.158001 3 0.004324 0.092904 -0.018061 64 0.046298 4 -0.101476 0.060821 0.073746 -0.079095 66 -0.037581 3 0.145544 -0.111937 -0.086273 
64 4 59 -0.127529 4 0.053635 -0.216687 -0.132814 -0.038530 61 -0.053636 4 0.117770 0.138763 -0.083160 -0.067382 63 0.128561 3 0.038006 0.096433 0.256960 65 -0.074160 4 0.033719 0.080785 -0.042625 -0.098878 
65 4 58 -0.179620 4 0.013234 0.026439 -0.080473 0.117335 64 -0.044874 4 0.141995 0.040278 0.137938 -0.053191 66 0.127824 3 -0.134304 -0.128909 0.040672 67 0.055657 3 -0.034596 0.044592 0.108065 
66 3 63 0.060781 3 0.054123 0.060489 -0.169703 65 0.019944 4 -0.052519 -0.022392 0.154519 0.018886 68 -0.106386 2 -0.157346 0.164381 
67 3 57 0.159651 3 0.049526 0.001576 -0.048319 65 0.088043 4 0.121087 -0.084431 0.219168 -0.018184 68 -0.075643 2 -0.097142 -0.135310 
68 2 66 0.084268 3 -0.031301 0.004848 -0.038137 67 0.098144 3 -0.071195 0.056759 -0.077302 
69 2 62 -0.114348 3 0.027626 -0.026558 0.063454 70 0.089290 4 -0.155884 0.096004 -0.103043 -0.085120 
70 4 61 0.069813 4 0.101257 0.172519 -0.042107 0.021170 69 0.134787 2 -0.119772 -0.161049 71 0.043822 4 0.117435 0.074914 -0.003458 -0.051758 80 -0.043339 2 -0.124223 -0.055706 
71 4 41 0.133562 3 0.149489 -0.023982 0.056957 60 -0.074913 4 0.009442 -0.133566 -0.171123 0.105082 70 0.076774 4 0.022269 0.284722 -0.014976 0.065110 72 -0.051002 3 0.014691 -0.064797 -0.081648 
72 3 71 0.068942 4 -0.100608 0.101246 -0.055819 -0.096916 73 -0.045766 3 -0.017484 -0.067693 -0.011347 74 0.107384 3 -0.186786 -0.119601 0.006087 
73 3 72 0.012327 3 -0.077295 -0.064474 0.184847 74 -0.007711 3 0.128225 -0.022338 -0.120409 76 -0.070911 3 -0.094221 0.221412 -0.013090 
74 3 72 0.157295 3 0.026813 0.002908 0.113035 73 -0.083192 3 -0.076975 -0.073982 -0.178835 75 -0.184809 3 -0.152740 0.026947 -0.008777 
75 3 74 0.020808 3 0.076946 -0.051305 0.045651 76 -0.032336 3 0.074929 0.192670 -0.008636 77 -0.177770 3 -0.018411 0.008823 0.007421 
76 3 73 0.188398 3 -0.017090 0.187503 0.123862 75 -0.008970 3 -0.051887 0.082761 0.124398 79 0.158354 3 -0.093334 -0.107253 -0.034541 
77 3 11 0.021210 5 0.023005 0.011951 -0.010374 0.019636 -0.095359 75 -0.146620 3 -0.087926 0.034687 -0.019846 78 0.151599 2 -0.041570 -0.171301 
78 2 77 -0.031310 3 0.020994 0.038041 -0.139269 79 -0.024288 3 -0.020104 -0.002603 0.081084 
79 3 76 -0.175475 3 -0.074050 -0.064053 -0.081523 78 -0.036779 2 -0.178054 0.006460 80 -0.092313 2 0.031246 -0.080366 
80 2 70 -0.147617 4 -0.095426 -0.117993 -0.019780 0.106565 79 0.070184 3 -0.282813 -0.226702 0.103871 
