80
1 2 2 -0.071846 3 -0.177697 -0.061620 -0.050083 4 0.117823 3 -0.034388 0.028010 0.007079 
2 3 1 -0.006409 2 0.080285 -0.016090 3 0.003026 2 0.108657 0.081798 5 0.018868 4 0.021642 0.193774 -0.009879 0.049406 
3 2 2 0.065744 3 0.011548 0.131813 -0.129812 6 -0.036969 4 -0.089931 -0.031247 -0.013242 -0.018629 
4 3 1 0.152328 2 -0.049272 -0.085362 5 0.056868 4 -0.152738 -0.162214 0.078021 -0.209299 8 -0.040275 3 0.030699 0.006807 0.046237 
5 4 2 0.047329 3 -0.107289 0.024006 0.000721 4 0.062545 3 0.082333 -0.060493 0.186064 6 -0.145422 4 0.107021 0.018689 0.002836 -0.094667 9 -0.059845 4 0.060799 0.054581 0.085182 -0.001791 
6 4 3 -0.150650 2 0.090761 -0.060831 5 -0.053684 4 -0.156198 -0.101902 0.147917 0.064601 7 0.164853 3 -0.124846 -0.024667 0.033782 10 -0.040300 4 -0.026845 0.157397 -0.004993 -0.031902 
7 3 6 0.035346 4 -0.055856 -0.043912 -0.011553 -0.204385 11 0.029261 5 0.086555 -0.016750 0.164435 0.113345 -0.116339 17 0.086627 3 0.056196 -0.107133 -0.103824 
8 3 4 -0.056886 3 -0.035997 -0.146590 -0.114050 9 0.016387 4 0.014846 -0.129673 -0.158701 0.141764 12 0.106169 3 0.103925 0.113421 0.052777 
9 4 5 -0.037695 4 -0.007074 0.132049 0.167019 -0.051711 8 0.036472 3 0.203044 -0.166581 -0.159474 10 -0.156026 4 -0.058484 -0.052223 0.051036 0.071611 13 -0.094166 4 -0.071018 0.095112 0.069798 -0.145381 
10 4 6 0.029777 4 0.058550 0.107724 -0.101826 -0.055333 9 0.017088 4 0.099871 0.219580 -0.034697 -0.032420 11 -0.048220 5 0.052938 -0.025751 -0.086035 -0.124897 -0.165917 14 0.113303 3 0.187490 0.041248 0.031508 
11 5 7 0.116394 3 0.033741 -0.079566 0.053461 10 -0.069186 4 0.119194 -0.162834 0.036271 0.016536 14 -0.000024 3 0.030118 -0.001072 0.039647 16 -0.142976 3 -0.110466 0.049947 0.019452 77 -0.014730 3 -0.035688 0.048855 -0.053093 
12 3 8 0.008883 3 -0.047393 0.045327 -0.043476 13 0.027148 4 -0.155039 -0.160390 -0.078682 0.186788 15 -0.074157 2 0.229722 -0.006685 
13 4 9 -0.007512 4 -0.155522 0.000502 0.068997 0.257333 12 0.112913 3 0.172575 -0.040078 -0.119786 14 -0.051410 3 -0.049312 -0.113255 0.132930 15 -0.121459 2 -0.042361 -0.017841 
14 3 10 -0.038366 4 -0.087468 0.065961 -0.092296 0.072631 11 0.007249 5 -0.099763 0.027866 -0.048409 0.073902 -0.073003 13 -0.063913 4 -0.072328 -0.100327 -0.012931 -0.049924 
15 2 12 -0.171897 3 -0.055463 0.093351 0.129342 13 0.114076 4 -0.035111 0.191275 0.084754 0.172992 
16 3 11 0.116793 5 -0.100670 -0.050429 0.093605 0.066776 0.134811 39 0.093820 4 0.034146 0.036327 -0.031921 -0.054883 40 -0.181676 4 0.064484 0.018730 -0.003621 0.050142 
17 3 7 0.099473 3 -0.075201 -0.100752 0.066169 19 0.155755 4 0.028498 -0.175877 -0.074565 -0.200108 20 0.052361 4 0.068481 0.046650 0.015297 0.048447 
18 2 19 -0.171468 4 -0.066747 -0.047535 0.004923 0.107124 35 -0.026592 3 0.054918 -0.005476 0.112178 
19 4 17 0.008117 3 -0.004628 -0.059220 0.090744 18 -0.005594 2 0.031524 -0.109970 20 -0.115473 4 -0.109300 -0.073167 0.090394 0.060231 34 -0.096648 4 0.005555 -0.017875 0.019282 0.135044 
20 4 17 -0.034281 3 0.075307 -0.053641 -0.018413 19 -0.038335 4 0.053509 -0.037849 0.112531 0.035173 21 0.070682 4 0.143463 -0.023864 -0.040353 0.199886 37 0.032161 3 -0.157491 -0.075031 0.083566 
21 4 20 -0.121736 4 0.129876 -0.117197 0.081748 0.080491 22 -0.031919 4 0.132977 0.077288 0.035716 -0.080754 34 0.033821 4 0.130362 0.073858 -0.092659 0.064375 45 0.023574 4 -0.073906 -0.132323 -0.043659 0.005024 
22 4 21 0.303795 4 0.118337 -0.022022 0.012205 0.034874 23 -0.102197 4 -0.116805 -0.029535 -0.033278 -0.072197 33 0.011633 4 -0.119301 -0.110717 -0.033776 -0.065149 50 -0.007238 4 0.145995 -0.071562 0.002608 -0.037349 
23 4 22 -0.092952 4 0.158717 0.144392 -0.056060 0.072118 24 -0.076138 4 -0.064449 0.091646 0.216334 -0.035328 29 -0.065594 4 -0.078207 -0.120811 0.114135 0.056967 51 0.125577 3 0.084363 -0.023323 -0.090200 
24 4 23 0.177265 4 -0.058887 -0.061893 -0.088569 0.001340 25 0.070523 4 -0.028253 0.110156 -0.049397 0.080250 26 -0.072463 3 -0.100797 0.192206 0.016813 54 0.014070 4 -0.002619 -0.040466 -0.053685 -0.048573 
25 4 24 -0.043696 4 -0.035357 0.129116 0.053527 0.000827 26 0.033646 3 -0.100670 -0.169726 0.181622 27 -0.085523 2 -0.014524 -0.013963 29 0.052371 4 -0.113185 0.061262 -0.090614 0.088444 
26 3 24 0.096435 4 -0.236009 0.042089 0.018345 0.050081 25 0.021663 4 -0.033019 -0.241356 -0.096284 0.271505 36 0.167565 2 0.097848 -0.079943 
27 2 25 -0.115854 4 0.048399 0.046524 -0.246732 -0.031956 28 0.038096 3 -0.202915 0.116203 0.094912 
28 3 27 0.187749 2 0.148565 0.204403 29 -0.004634 4 0.008003 -0.052773 0.029605 0.021998 31 -0.019219 3 -0.016644 -0.018088 -0.102064 
29 4 23 -0.045488 4 0.004572 -0.135025 0.026409 0.061873 25 -0.054372 4 0.067018 0.089923 0.052905 0.088045 28 0.035646 3 -0.001294 -0.038326 0.139581 30 0.025571 3 -0.184468 -0.110892 -0.079673 
30 3 29 0.116439 4 0.058667 -0.136981 -0.004420 0.050178 31 -0.035859 3 -0.033445 0.067566 0.063662 33 -0.003046 4 0.238669 -0.140916 -0.053559 0.097962 
31 3 28 0.153118 3 -0.015059 -0.025552 -0.070586 30 -0.161268 3 0.116722 0.077249 0.087356 32 0.075524 3 0.019964 -0.178853 0.212755 
32 3 31 -0.022424 3 -0.079824 0.055876 0.159340 33 -0.000298 4 0.015001 -0.011525 0.071354 -0.034269 35 0.070300 3 -0.072239 -0.222389 -0.020893 
33 4 22 0.077494 4 0.015295 0.151240 0.069419 0.104081 30 0.120262 3 -0.021534 0.139353 0.092369 32 -0.093137 3 -0.034667 0.009479 -0.145465 34 0.033220 4 -0.086343 0.035781 -0.081169 -0.020285 
34 4 19 0.198338 4 0.123036 -0.069525 -0.011333 -0.107622 21 -0.107695 4 0.073453 0.055464 -0.150224 -0.086220 33 -0.113271 4 -0.055490 -0.264813 -0.126823 -0.078727 35 0.008853 3 0.055100 -0.022847 -0.113685 
35 3 18 0.268182 2 -0.025988 0.074312 32 -0.081171 3 -0.013167 -0.131865 0.300713 34 0.157972 4 0.024676 0.151702 0.269266 0.124452 
36 2 26 -0.029633 3 -0.011292 -0.204955 -0.153542 55 0.012104 3 -0.046779 0.014911 0.182136 
37 3 20 -0.128873 4 0.239820 0.085791 -0.125312 -0.019645 38 -0.027190 3 0.223392 0.002294 -0.006415 44 0.128835 4 -0.098528 0.034239 -0.054365 0.043520 
38 3 37 -0.126010 3 0.113675 0.176573 -0.001675 39 0.034686 4 0.246087 0.180797 -0.084642 0.166722 44 0.032635 4 0.048733 -0.091847 0.127054 0.094920 
39 4 16 0.082367 3 0.059085 0.010548 -0.107482 38 0.038400 3 0.240786 0.129419 0.170145 40 0.013287 4 0.049086 -0.040774 0.119099 -0.138012 43 -0.123199 4 0.045844 -0.072271 0.003050 0.066632 
40 4 16 -0.173457 3 0.093273 -0.035189 -0.029670 39 0.072772 4 -0.251515 -0.147407 0.206992 0.035638 41 -0.086985 3 0.055537 -0.126959 -0.040672 42 -0.086699 4 -0.202042 -0.160211 -0.154000 -0.191049 
41 3 40 -0.010210 4 -0.139732 -0.125097 -0.079458 0.122604 42 0.096342 4 0.199941 -0.079197 0.029256 -0.016534 71 0.042707 4 -0.117974 -0.102582 -0.188258 0.087635 
42 4 40 -0.032814 4 -0.003099 0.107548 -0.075026 -0.040781 41 -0.090411 3 0.053204 -0.001913 0.143914 43 0.021446 4 -0.087015 0.148775 -0.033286 -0.014534 47 0.121654 3 -0.045135 -0.054075 0.168217 
43 4 39 0.109855 4 -0.080178 0.128395 -0.014038 -0.006873 42 -0.041901 4 0.014710 -0.007385 -0.132764 -0.099917 44 0.006221 4 0.043502 -0.028060 0.018368 0.067599 46 0.006231 4 0.014832 -0.043473 -0.008336 0.136180 
44 4 37 0.149125 3 0.067448 0.080319 0.090500 38 -0.139244 3 0.095601 -0.076871 0.249132 43 -0.193016 4 -0.015387 0.004146 -0.150489 0.108501 45 0.015775 4 0.057205 0.019193 0.061833 0.086577 
45 4 21 -0.067303 4 0.035852 -0.252920 -0.010763 -0.016597 44 -0.036314 4 0.043537 -0.030074 0.014459 0.009660 46 -0.010111 4 -0.017470 0.067510 0.008494 0.087751 50 -0.022037 4 -0.059469 0.158965 -0.085260 -0.028858 
46 4 43 0.137503 4 -0.148394 -0.064682 0.126516 0.047323 45 -0.300057 4 -0.095586 0.050604 -0.072019 -0.211030 47 -0.038988 3 -0.054139 0.198919 0.021541 49 -0.138558 4 -0.198191 0.071173 0.196087 -0.004166 
47 3 42 0.152282 4 -0.015007 0.060624 -0.083196 0.030951 46 -0.006314 4 0.255530 -0.087966 0.007485 0.041819 48 0.059272 4 0.044743 0.087794 -0.020783 -0.074789 
48 4 47 -0.069387 3 -0.006321 -0.193703 -0.021899 49 -0.048736 4 0.223186 -0.056434 0.037089 0.051765 53 -0.031884 3 0.040799 0.007878 -0.064814 60 0.023555 4 0.036616 0.025522 0.017487 0.062326 
49 4 46 -0.158552 4 -0.017014 -0.119245 -0.077029 0.071317 48 0.070857 4 0.105044 -0.063569 -0.135006 -0.103301 50 -0.011454 4 0.103122 0.093709 0.080313 0.099304 52 0.062026 4 -0.002910 0.016131 0.073409 0.094168 
50 4 22 -0.129302 4 0.260371 -0.098320 0.011470 0.044901 45 -0.046462 4 -0.118114 -0.151471 0.016637 -0.072021 49 -0.098949 4 -0.000008 -0.097390 -0.009957 0.010344 51 0.069516 3 -0.226555 0.077476 -0.205869 
51 3 23 -0.132833 4 0.026079 0.002219 0.023680 0.155724 50 0.037382 4 -0.157418 -0.070216 -0.077899 0.158475 52 -0.070020 4 0.134482 0.072315 -0.159131 -0.047057 
52 4 49 0.101644 4 0.053713 0.036042 -0.066369 0.154137 51 -0.165492 3 -0.058962 0.039595 0.204450 53 -0.051262 3 0.177274 -0.020051 0.077232 54 0.061937 4 0.172000 -0.097211 0.098560 0.190885 
53 3 48 0.070074 4 0.103166 0.126583 0.000146 -0.131338 52 0.124346 4 -0.074259 0.158456 0.007372 0.084647 59 -0.096928 4 -0.103784 -0.181475 -0.209708 0.028552 
54 4 24 0.033014 4 -0.217901 0.145523 0.116561 0.030795 52 -0.043287 4 0.104709 -0.010691 -0.183572 -0.012613 55 -0.090437 3 -0.067805 0.126504 0.034814 58 -0.039016 4 0.041349 -0.037451 -0.089425 0.028035 
55 3 36 0.040868 2 -0.043826 0.139255 54 -0.025416 4 -0.036738 -0.079543 -0.021840 0.108200 56 -0.110457 2 -0.056700 -0.009550 
56 2 55 -0.006944 3 -0.147798 0.012211 -0.038312 57 0.021196 3 -0.044895 0.014455 0.002706 
57 3 56 -0.017908 2 -0.000254 0.300735 58 -0.184411 4 0.104673 0.168973 0.166653 -0.028750 67 0.041214 3 -0.048701 -0.166918 -0.097526 
58 4 54 -0.081083 4 -0.028580 -0.009219 0.032528 0.015379 57 -0.164704 3 -0.119338 -0.033034 0.173829 59 -0.112080 4 -0.030276 -0.092345 -0.025557 0.033679 65 0.109760 4 -0.038917 -0.042915 -0.034537 0.119476 
59 4 53 -0.104870 3 0.084476 -0.075475 -0.075055 58 0.239829 4 -0.175109 0.113421 -0.010816 -0.024368 60 -0.001669 4 0.018021 -0.130828 -0.092731 0.018474 64 0.209882 4 -0.032342 -0.206964 -0.077691 0.026627 
60 4 48 -0.030673 4 0.107761 0.008902 0.014598 -0.048314 59 -0.014242 4 0.021125 0.054570 -0.090865 0.105969 61 0.083305 4 -0.167237 -0.004612 -0.023286 0.165796 71 0.060884 4 -0.031510 0.325281 -0.027518 -0.072157 
61 4 60 0.052447 4 0.234593 -0.001862 -0.025805 0.014674 62 0.180338 3 -0.100937 -0.147057 -0.064920 64 -0.152609 4 0.007055 0.115102 0.122147 0.048587 70 0.058071 4 0.120843 0.264488 0.065719 0.097214 
62 3 61 0.109294 4 -0.030339 0.120948 -0.113642 -0.033345 63 0.018872 3 -0.086597 -0.056315 0.200942 69 0.022421 2 -0.020641 -0.042974 
63 3 62 0.130422 3 0.104373 -0.031806 0.032403 64 -0.090483 4 0.055794 -0.087460 -0.035746 0.194013 66 -0.026365 3 0.013859 0.091665 0.128899 
64 4 59 -0.092850 4 0.058317 0.012699 0.129595 -0.127241 61 0.031662 4 0.122084 -0.212814 -0.127751 -0.043234 63 -0.046082 3 -0.008637 -0.164868 0.078521 65 0.041292 4 -0.007712 -0.110838 -0.120463 -0.097161 
65 4 58 0.062792 4 -0.084566 -0.012797 -0.005469 -0.059253 64 0.093869 4 -0.008560 -0.065493 0.017864 0.156566 66 0.060346 3 0.087059 -0.041371 0.014710 67 0.069979 3 -0.016143 -0.043191 -0.031704 
66 3 63 0.047292 3 0.112368 -0.055164 0.019238 65 0.032323 4 0.062290 -0.104443 -0.152277 0.077850 68 0.081261 2 0.039001 -0.053959 
67 3 57 -0.036568 3 0.114222 0.032017 -0.041173 65 0.134048 4 -0.044576 -0.050716 -0.110535 0.275963 68 -0.087672 2 -0.229598 0.027600 
68 2 66 -0.163286 3 0.000571 -0.129467 -0.014722 67 -0.192756 3 0.039396 0.103693 0.011394 
69 2 62 0.170019 3 0.058738 0.176934 -0.010997 70 0.188550 4 -0.057860 -0.144319 0.085761 -0.051407 
70 4 61 -0.017389 4 0.143653 0.007289 -0.013577 -0.056864 69 -0.033660 2 -0.052025 -0.127391 71 -0.008364 4 0.060534 -0.042381 0.064517 -0.170554 80 -0.077332 2 0.034756 -0.092228 
71 4 41 -0.019903 3 -0.157807 -0.023706 0.062106 60 -0.008683 4 0.104083 0.124360 -0.038164 -0.096744 70 -0.177553 4 0.305869 -0.055410 -0.071041 0.047849 72 -0.107690 3 -0.108274 -0.067180 -0.153802 
72 3 71 0.174882 4 -0.020104 -0.113372 0.039149 0.018985 73 -0.148616 3 -0.072372 -0.038629 -0.057492 74 0.042994 3 0.016987 -0.065960 0.027294 
73 3 72 -0.124047 3 -0.085355 0.059023 -0.016628 74 -0.247189 3 -0.206004 0.019193 0.095064 76 -0.119921 3 0.127164 0.023057 0.148669 
74 3 72 -0.152160 3 0.069537 0.211641 0.026721 73 0.049963 3 0.048200 0.043810 0.056034 75 -0.048554 3 0.083567 0.107072 -0.099022 
75 3 74 0.123889 3 -0.129966 0.134194 0.097079 76 0.015304 3 -0.084980 -0.004939 0.185725 77 0.018297 3 -0.116091 0.033050 -0.139035 
76 3 73 -0.050424 3 0.017398 0.030908 -0.018284 75 0.005658 3 0.094688 -0.013673 0.119224 79 -0.061279 3 0.110143 -0.027675 0.026170 
77 3 11 0.080107 5 0.021152 0.097144 0.125016 0.079766 0.002790 75 -0.205303 3 -0.089041 -0.128945 0.110508 78 -0.037827 2 0.200570 0.027238 
78 2 77 -0.070221 3 -0.006855 0.094056 -0.168641 79 0.011469 3 -0.026015 -0.200537 0.042976 
79 3 76 0.006491 3 0.002937 0.033015 -0.042923 78 -0.252563 2 -0.187101 0.099817 80 -0.209784 2 -0.065606 0.018046 
80 2 70 0.094730 4 0.095503 0.057546 -0.082948 -0.026046 79 -0.023304 3 -0.021654 0.099530 0.129166 
