80
1 2 2 -0.106542 3 -0.037311 -0.027069 0.051124 4 0.013138 3 0.127974 -0.023414 -0.020658 
2 3 1 -0.101944 2 0.030835 -0.067276 3 0.020219 2 0.145500 0.105454 5 -0.134523 4 0.094236 -0.046378 -0.158422 -0.086463 
3 2 2 -0.105252 3 0.042562 -0.063778 0.031088 6 0.124163 4 -0.067471 0.020176 -0.018657 0.039378 
4 3 1 -0.000120 2 -0.166663 0.131730 5 -0.011878 4 -0.019844 0.038442 0.185918 0.001094 8 -0.112632 3 0.114632 -0.032789 0.102611 
5 4 2 -0.007928 3 0.046526 0.000868 -0.028430 4 -0.038456 3 0.055383 -0.093696 -0.091492 6 0.085882 4 0.098049 0.065810 0.056754 -0.038927 9 0.038942 4 0.001069 -0.146282 -0.130493 0.041450 
6 4 3 0.063567 2 -0.107310 0.013671 5 -0.016623 4 -0.155818 -0.044645 -0.093870 0.055633 7 0.093150 3 0.000940 0.027235 -0.114603 10 -0.176654 4 -0.118831 -0.125780 0.107083 0.060298 
7 3 6 0.164839 4 0.018784 -0.078889 -0.107572 0.099130 11 -0.008088 5 0.049676 -0.109792 0.164858 -0.176406 0.032549 17 -0.029145 3 0.067488 0.015341 -0.096480 
8 3 4 0.090383 3 0.025332 -0.021184 0.020196 9 -0.076055 4 -0.031503 0.051372 -0.050151 -0.129930 12 -0.102330 3 0.090962 0.097671 0.083914 
9 4 5 0.027397 4 -0.160229 0.044183 -0.108538 0.089311 8 -0.210922 3 0.094577 0.101427 0.181774 10 -0.076500 4 -0.142677 0.038698 0.157807 0.003184 13 -0.055997 4 0.002730 -0.070114 0.110920 0.026586 
10 4 6 -0.030843 4 0.121180 -0.103233 -0.083080 0.004213 9 0.095128 4 0.019375 -0.094880 0.036957 -0.027816 11 -0.059859 5 0.127185 0.005536 0.026325 -0.089491 -0.167502 14 -0.164557 3 -0.232460 0.200922 0.059549 
11 5 7 -0.128159 3 0.148575 -0.014680 -0.156179 10 0.063413 4 -0.113802 -0.118188 -0.240442 0.068545 14 -0.021947 3 -0.095149 0.029707 0.014505 16 -0.143088 3 -0.066765 0.126900 0.031147 77 -0.007054 3 -0.153109 -0.008728 0.029657 
12 3 8 0.028861 3 -0.050196 0.033484 0.127324 13 0.059862 4 0.044361 0.110352 0.192128 0.166304 15 0.119489 2 0.035132 0.163058 
13 4 9 0.023227 4 -0.153623 0.003929 0.063067 0.034040 12 0.201947 3 -0.027180 -0.210673 0.003651 14 0.055974 3 -0.124982 -0.061838 0.083119 15 0.042204 2 -0.085002 0.084308 
14 3 10 0.164769 4 -0.076824 0.194642 0.104785 -0.111430 11 -0.013844 5 0.074086 0.226963 -0.264885 -0.048723 -0.128044 13 0.021500 4 0.033787 0.087916 0.019530 0.000741 
15 2 12 -0.006316 3 0.033189 -0.106393 -0.101193 13 -0.207163 4 0.077645 -0.054008 0.150818 0.101471 
16 3 11 -0.000163 5 -0.095927 0.037049 0.072606 0.019439 -0.058855 39 -0.090964 4 0.104003 0.310863 0.007070 0.052166 40 0.063635 4 0.161704 -0.045676 -0.085010 0.015671 
17 3 7 0.081625 3 -0.217112 -0.084987 -0.090465 19 -0.010244 4 0.101784 -0.051294 -0.090290 -0.051297 20 -0.143027 4 -0.055601 0.122844 -0.035976 -0.097868 
18 2 19 0.013805 4 0.072349 0.039962 0.076718 -0.059946 35 -0.033850 3 -0.136617 0.027324 -0.005493 
19 4 17 -0.216724 3 -0.005263 -0.047261 0.035454 18 0.001750 2 0.009403 -0.018252 20 -0.068693 4 -0.035850 -0.242961 0.122873 0.076134 34 0.053876 4 -0.005903 0.231254 0.121939 -0.053418 
20 4 17 0.134359 3 -0.159065 -0.107868 -0.115395 19 -0.014236 4 0.052481 0.008319 0.146834 -0.119120 21 -0.013104 4 0.029988 0.020339 -0.040841 -0.125370 37 0.099857 3 0.103495 0.203013 0.088438 
21 4 20 0.097013 4 0.067115 -0.120842 0.060935 0.150054 22 -0.131833 4 0.087597 0.014936 -0.028848 0.058453 34 0.010434 4 -0.101577 -0.139216 -0.169312 -0.029527 45 -0.084179 4 -0.084449 0.120274 -0.016890 0.083211 
22 4 21 0.080647 4 -0.222963 -0.062647 -0.095545 0.080160 23 -0.050506 4 0.049347 0.288903 0.198464 0.147325 33 -0.105253 4 -0.041145 -0.271346 0.058968 -0.006630 50 0.169687 4 -0.028515 0.169348 -0.305288 -0.050286 
23 4 22 -0.184512 4 -0.207311 -0.127309 0.040675 0.100165 24 0.060270 4 -0.029812 -0.083469 0.164933 0.046649 29 0.112326 4 0.093053 0.110999 0.134094 0.257293 51 -0.040615 3 0.075233 0.070798 0.036913 
24 4 23 0.020677 4 0.059675 -0.002000 0.000860 0.024476 25 0.110882 4 -0.227565 0.120968 0.069999 0.031360 26 -0.021988 3 0.082207 -0.054588 -0.096681 54 0.033448 4 0.060271 0.115381 0.057568 -0.029768 
25 4 24 0.225328 4 -0.152606 0.092287 0.058898 0.136350 26 -0.077987 3 0.052945 -0.038091 0.047910 27 -0.021996 2 0.023098 -0.142222 29 -0.050381 4 -0.039391 -0.062851 -0.051178 -0.027058 
26 3 24 -0.076108 4 -0.093411 0.024481 0.033089 -0.042252 25 0.067845 4 -0.041229 0.186215 0.140647 -0.108134 36 0.034405 2 0.060636 -0.047759 
27 2 25 0.052865 4 -0.037942 -0.074907 -0.148509 0.119051 28 0.117720 3 -0.193031 -0.012291 0.022576 
28 3 27 0.087522 2 -0.165861 0.084436 29 -0.154405 4 0.019535 -0.018120 -0.051518 -0.029578 31 -0.124534 3 0.064384 -0.188254 0.046141 
29 4 23 0.151976 4 -0.143202 -0.010698 0.111406 0.103826 25 0.058742 4 -0.089086 0.030692 -0.127814 -0.007095 28 0.182884 3 0.127125 -0.186360 0.174295 30 0.095916 3 0.072672 -0.132728 0.178003 
30 3 29 -0.078267 4 0.064987 0.090243 0.030364 -0.004415 31 -0.189938 3 0.116396 -0.114681 -0.170755 33 0.184349 4 -0.019749 -0.004587 -0.100104 0.022688 
31 3 28 -0.176802 3 0.069851 0.096544 0.131409 30 -0.004328 3 -0.016566 -0.046646 -0.014084 32 0.069500 3 -0.041449 -0.008529 0.101804 
32 3 31 -0.107052 3 -0.008856 -0.000269 -0.142400 33 -0.080792 4 -0.091996 0.195819 -0.045269 -0.224675 35 0.132925 3 -0.024478 -0.122335 -0.073666 
33 4 22 -0.196284 4 0.045613 0.140317 0.118440 -0.169806 30 0.089775 3 0.175561 -0.166192 0.172075 32 0.092460 3 -0.089146 -0.025264 0.268697 34 0.055772 4 0.062372 0.187753 0.026959 0.244588 
34 4 19 0.132822 4 0.024513 -0.034137 -0.213460 0.133181 21 0.155670 4 0.050028 -0.024796 0.170157 0.172453 33 -0.102240 4 -0.099039 -0.029583 -0.130975 0.094677 35 -0.018542 3 -0.027384 0.035000 -0.045100 
35 3 18 0.291534 2 0.093016 0.024467 32 0.111613 3 0.037984 0.132430 -0.016035 34 0.123464 4 -0.226628 0.093047 0.046879 0.051929 
36 2 26 0.051955 3 0.053642 0.082740 0.121957 55 0.141599 3 0.010785 -0.068918 0.128697 
37 3 20 0.026285 4 -0.043814 -0.090359 0.089328 0.098926 38 0.011399 3 -0.049375 0.110851 0.031398 44 -0.046849 4 0.189843 0.000995 -0.002417 0.007499 
38 3 37 0.035141 3 0.221657 -0.047986 -0.023300 39 0.023564 4 0.032366 0.049631 -0.109280 -0.052861 44 -0.013878 4 -0.161378 -0.078802 -0.015328 -0.056569 
39 4 16 -0.028528 3 -0.219501 -0.023892 -0.117356 38 0.048198 3 -0.102439 0.002431 -0.022478 40 -0.060975 4 -0.010291 0.015651 0.017282 -0.058114 43 -0.026876 4 0.108512 0.199964 -0.129637 -0.122275 
40 4 16 0.036623 3 -0.018556 -0.215730 -0.056944 39 0.162481 4 -0.227506 -0.093374 -0.131240 0.026600 41 -0.194338 3 -0.038280 0.034480 0.079693 42 -0.035635 4 0.093182 -0.118045 0.117515 -0.023444 
41 3 40 0.100839 4 0.130024 0.108515 -0.045225 0.183154 42 -0.041595 4 0.115233 0.028881 -0.042627 0.032004 71 -0.052295 4 0.164243 -0.078934 -0.092502 0.034886 
42 4 40 0.063336 4 0.044174 0.079434 0.056734 -0.101990 41 0.069558 3 0.216319 0.073865 0.039890 43 -0.095682 4 0.052137 0.055997 0.086321 0.059881 47 0.043615 3 -0.045306 -0.081081 -0.150150 
43 4 39 0.071945 4 -0.098895 -0.071425 0.158053 0.095174 42 -0.149529 4 0.067133 0.135883 0.087481 -0.040605 44 0.016832 4 -0.113327 0.063021 0.160182 -0.167125 46 -0.114020 4 -0.102097 -0.172372 -0.084683 -0.110187 
44 4 37 0.086609 3 0.166995 -0.071009 -0.097068 38 0.033029 3 0.068924 0.114333 -0.126128 43 -0.065018 4 -0.073186 -0.065653 -0.040318 -0.011329 45 0.179207 4 -0.020016 -0.008656 0.020661 0.007167 
45 4 21 -0.000348 4 0.001299 0.077639 -0.054624 0.020747 44 0.010843 4 0.007913 -0.186423 0.030189 -0.063520 46 -0.107537 4 0.015972 -0.051723 0.105826 -0.092733 50 -0.073902 4 -0.101229 -0.060426 -0.043346 0.054545 
46 4 43 -0.097121 4 -0.026702 -0.190557 0.118568 -0.035367 45 -0.111454 4 0.001026 -0.050538 0.039152 -0.027578 47 0.204304 3 -0.073930 -0.053639 0.240909 49 -0.124172 4 -0.010004 -0.043339 -0.063053 0.042858 
47 3 42 0.111966 4 -0.033146 0.060939 0.029882 -0.017095 46 0.005100 4 -0.091920 0.086230 0.073725 -0.029492 48 -0.098142 4 -0.114838 0.172752 0.131825 0.107378 
48 4 47 0.136152 3 -0.011412 0.133732 0.120451 49 0.203550 4 0.025523 0.002581 -0.053597 -0.049938 53 -0.033550 3 -0.133172 0.174808 0.077788 60 -0.003513 4 0.031838 -0.171381 0.124196 -0.014918 
49 4 46 -0.072082 4 0.034052 0.110681 0.075160 0.149778 48 0.156377 4 -0.154067 -0.243884 -0.076307 0.025479 50 -0.107931 4 -0.106090 -0.042700 -0.028688 0.070831 52 -0.077293 4 -0.050158 -0.027077 0.015530 0.044632 
50 4 22 0.024264 4 -0.086893 -0.056863 -0.097179 -0.146159 45 -0.021036 4 0.049542 -0.008531 0.055775 0.018937 49 -0.023875 4 0.175440 -0.063118 -0.023762 0.146841 51 -0.062908 3 0.105873 -0.236693 0.092789 
51 3 23 -0.096617 4 0.158060 0.017097 -0.026462 0.033284 50 -0.032695 4 -0.113754 0.051110 -0.132164 -0.019925 52 -0.157543 4 0.072703 0.046659 -0.234495 -0.014755 
52 4 49 -0.022343 4 -0.061865 -0.043230 -0.020355 -0.070635 51 0.054154 3 -0.034990 -0.058631 -0.042069 53 -0.127182 3 0.079795 -0.004162 -0.061497 54 -0.061525 4 -0.030869 0.063914 0.066690 0.067526 
53 3 48 0.122778 4 0.060679 -0.042142 0.105875 -0.234083 52 0.034682 4 -0.037398 0.018004 0.102315 -0.017416 59 -0.184814 4 -0.009803 0.047584 0.160013 -0.065135 
54 4 24 -0.094411 4 -0.007385 0.037982 0.052248 0.022336 52 -0.083818 4 0.069325 -0.123581 -0.017182 -0.050066 55 0.092328 3 0.095218 0.018574 -0.128159 58 0.054729 4 0.052753 0.010620 0.050969 -0.064312 
55 3 36 0.040443 2 -0.095767 0.068203 54 0.168672 4 0.004681 -0.036118 -0.120916 -0.091704 56 -0.020959 2 0.097923 0.002128 
56 2 55 0.110980 3 -0.028809 -0.117558 0.073361 57 0.051166 3 -0.123378 0.019081 -0.065803 
57 3 56 -0.061548 2 -0.000738 -0.061019 58 0.023624 4 -0.154380 -0.095089 -0.107771 0.257544 67 -0.037813 3 0.089665 -0.082299 0.153534 
58 4 54 -0.126437 4 0.180245 -0.049184 -0.077725 -0.252731 57 0.090895 3 -0.029771 -0.057644 0.167712 59 -0.080007 4 -0.081270 0.091879 -0.170087 -0.046109 65 0.050047 4 -0.044190 0.023881 -0.007962 -0.181158 
59 4 53 -0.029712 3 -0.044876 0.015300 -0.151453 58 0.052262 4 -0.107722 0.104844 0.051634 0.108298 60 -0.150915 4 -0.067055 -0.205401 -0.025493 -0.033943 64 -0.026447 4 0.033167 0.103069 0.072460 0.123123 
60 4 48 -0.012119 4 0.011344 0.003156 0.058438 0.091478 59 0.011366 4 -0.029550 0.084170 -0.071836 -0.035098 61 0.142539 4 0.032576 0.008737 -0.245280 0.149871 71 -0.082957 4 0.085485 0.072261 -0.002061 0.009890 
61 4 60 0.030619 4 -0.106660 0.025487 0.051420 0.051534 62 -0.067053 3 -0.071720 -0.003398 0.011273 64 0.055426 4 -0.011087 -0.204342 0.059952 0.038810 70 0.014032 4 0.048476 -0.049418 0.076666 -0.037809 
62 3 61 -0.049043 4 -0.097406 -0.093416 0.127056 -0.063373 63 0.206272 3 -0.076660 0.081575 -0.122575 69 0.039572 2 -0.026257 -0.027755 
63 3 62 0.125165 3 -0.080453 0.096435 0.017681 64 0.052062 4 0.076958 -0.083443 -0.037335 0.087953 66 -0.052625 3 -0.147192 -0.027083 -0.003314 
64 4 59 0.008483 4 0.053181 0.035187 -0.114472 -0.181228 61 -0.136670 4 0.037962 -0.044409 0.014766 0.108094 63 -0.035660 3 -0.005657 0.017398 0.118379 65 -0.229058 4 0.092700 0.065327 -0.082670 -0.015297 
65 4 58 -0.048137 4 -0.054273 0.041408 0.075003 -0.131910 64 0.034707 4 -0.027643 0.024352 0.030104 0.006832 66 0.045031 3 -0.172477 -0.030265 0.075804 67 0.063488 3 0.196275 0.074994 -0.155671 
66 3 63 -0.185950 3 0.039958 0.102773 0.055068 65 -0.037802 4 -0.094944 -0.053379 0.035536 0.131782 68 -0.138655 2 -0.007810 -0.001221 
67 3 57 -0.074248 3 0.114250 0.114550 0.035994 65 0.031673 4 -0.115396 -0.051994 0.062740 0.095633 68 0.117728 2 0.053751 -0.043860 
68 2 66 -0.122848 3 0.024539 -0.136445 0.082191 67 0.045815 3 -0.057606 0.176221 -0.042814 
69 2 62 -0.108707 3 -0.035630 -0.044539 0.200263 70 -0.031812 4 0.048509 -0.154188 -0.129713 0.109163 
70 4 61 -0.003955 4 0.026397 0.066612 -0.117677 -0.068580 69 -0.104588 2 0.033461 -0.175670 71 0.025871 4 0.000899 0.044794 -0.098400 -0.033616 80 -0.185211 2 0.115836 0.145429 
71 4 41 -0.042021 3 -0.104652 0.038259 0.014560 60 0.214698 4 -0.109964 0.093457 -0.052333 0.061848 70 0.024557 4 -0.124286 -0.002155 0.068910 0.048478 72 0.006111 3 -0.049789 0.053973 -0.074463 
72 3 71 0.033442 4 -0.111800 0.031473 0.073764 0.042091 73 -0.132092 3 -0.096723 0.059622 0.015227 74 0.083594 3 0.002897 -0.028876 -0.025865 
73 3 72 0.164723 3 0.100496 -0.053875 -0.075680 74 -0.020409 3 0.017248 0.050618 -0.018094 76 0.041627 3 0.159538 0.091087 0.117876 
74 3 72 -0.082600 3 0.114913 -0.025379 -0.276939 73 -0.061614 3 0.125748 -0.051108 0.195600 75 0.036855 3 0.028635 -0.111850 -0.131418 
75 3 74 0.047316 3 -0.055302 -0.014299 0.050933 76 0.053583 3 -0.092819 0.140869 0.090902 77 0.071285 3 -0.039164 -0.208701 -0.007200 
76 3 73 0.080718 3 0.026370 0.081248 -0.052491 75 -0.108054 3 -0.078622 0.069134 0.089981 79 0.061536 3 -0.045526 0.046364 -0.013056 
77 3 11 -0.120975 5 0.009622 0.005267 -0.090805 -0.095154 0.013967 75 -0.087175 3 0.039169 -0.123946 0.061780 78 0.109991 2 -0.085475 0.116940 
78 2 77 0.042018 3 -0.022822 -0.057164 0.093781 79 0.079248 3 -0.020549 0.003446 -0.186789 
79 3 76 -0.109435 3 -0.147886 0.044218 -0.078318 78 -0.067504 2 0.023669 0.043185 80 0.078473 2 -0.183448 0.072249 
80 2 70 0.094301 4 0.058990 -0.047891 0.080647 -0.117345 79 -0.075256 3 0.130122 -0.020383 -0.190898 
