80
1 2 2 -0.067679 3 -0.007377 0.061240 -0.121043 4 -0.159743 3 -0.184313 0.045884 -0.077655 
2 3 1 -0.035289 2 -0.049077 0.055038 3 0.035765 2 0.001833 0.016492 5 0.092460 4 0.118430 0.106591 0.000359 -0.053167 
3 2 2 0.035891 3 -0.119379 0.031576 0.231308 6 -0.076678 4 0.104708 0.022496 -0.109789 -0.122586 
4 3 1 -0.140188 2 -0.053002 -0.374218 5 -0.071651 4 0.041739 0.124349 0.011058 -0.032708 8 -0.151095 3 0.135290 -0.042774 -0.057937 
5 4 2 0.036560 3 0.092597 0.000551 -0.063449 4 0.086716 3 0.085833 -0.048078 0.148971 6 0.049810 4 -0.062939 -0.059395 -0.062869 0.035625 9 -0.057862 4 0.130509 0.036567 0.077208 0.125533 
6 4 3 -0.001572 2 -0.012833 0.094862 5 0.077309 4 -0.012450 0.209994 0.026028 -0.054548 7 -0.004103 3 0.010043 -0.073290 -0.152416 10 0.048478 4 0.034978 0.023286 0.065400 -0.084495 
7 3 6 -0.151085 4 -0.080512 -0.049075 -0.100571 0.269135 11 -0.074311 5 0.037153 -0.065313 0.042432 0.122953 0.067760 17 -0.176512 3 0.091665 0.048075 -0.150714 
8 3 4 0.085945 3 -0.075989 0.105984 -0.019808 9 -0.039083 4 0.025920 0.055492 -0.102142 0.019011 12 -0.066394 3 -0.043479 -0.147417 0.039323 
9 4 5 0.019713 4 -0.084408 -0.050283 -0.133922 -0.060296 8 -0.071372 3 0.043953 0.157151 -0.113155 10 -0.087380 4 0.034532 0.052339 0.104396 0.125987 13 -0.042512 4 -0.110588 0.006137 0.123069 0.054511 
10 4 6 0.044260 4 0.139998 0.121649 0.234380 -0.262002 9 0.006888 4 -0.033185 -0.033863 -0.142362 -0.052124 11 0.193235 5 0.142223 0.005929 0.096059 0.163491 -0.029027 14 0.088552 3 -0.040962 -0.131712 -0.027730 
11 5 7 0.124003 3 -0.071469 -0.021929 -0.022558 10 -0.054186 4 -0.072836 -0.114468 -0.037769 0.001463 14 0.003148 3 -0.089567 0.035224 -0.014413 16 0.102077 3 -0.026066 0.091173 0.230618 77 -0.043402 3 0.084764 0.064269 0.000472 
12 3 8 0.048305 3 0.012979 0.058143 -0.055298 13 -0.010901 4 -0.149256 0.042911 -0.070187 0.039372 15 -0.110685 2 -0.083054 -0.125342 
13 4 9 -0.012836 4 -0.140343 0.028110 0.195454 0.020044 12 0.183202 3 0.049050 0.014381 0.023010 14 0.026281 3 0.236548 -0.078127 -0.015889 15 0.025734 2 -0.067371 0.071405 
14 3 10 0.003787 4 0.025519 -0.032726 0.074211 -0.100570 11 -0.190261 5 0.011942 0.020044 0.157385 0.053863 0.003306 13 0.185416 4 -0.134175 -0.147091 0.059063 -0.070018 
15 2 12 -0.056153 3 -0.024119 -0.086942 0.018160 13 0.111114 4 0.022788 0.174472 0.181787 0.106163 
16 3 11 0.015452 5 0.108399 -0.116967 0.127577 -0.094157 -0.159945 39 0.075262 4 0.316625 0.031867 -0.066294 0.000793 40 0.128754 4 0.006901 -0.207003 -0.071555 0.052932 
17 3 7 -0.041099 3 0.003554 -0.166289 -0.049149 19 0.014759 4 -0.015007 0.008133 -0.167878 0.025534 20 0.018721 4 0.152905 -0.159273 0.043879 0.134365 
18 2 19 -0.231134 4 0.038035 0.058906 -0.047504 -0.018519 35 0.016784 3 -0.114472 -0.012151 -0.055262 
19 4 17 -0.029002 3 -0.065803 0.144725 -0.011706 18 -0.011595 2 0.062993 0.037531 20 -0.021687 4 -0.101489 -0.188986 -0.143376 0.027594 34 0.008252 4 -0.030121 0.075950 -0.037995 -0.132230 
20 4 17 -0.030318 3 0.009633 0.110105 0.026542 19 0.123624 4 -0.018596 -0.042093 0.126812 0.091431 21 -0.066135 4 -0.042965 -0.134639 -0.091355 0.033333 37 -0.010090 3 -0.109259 -0.038695 -0.012244 
21 4 20 -0.055724 4 -0.065978 -0.062448 -0.022631 -0.055084 22 2.000000 4 2.000000 2.000000 2.000000 2.000000 34 0.135656 4 -0.134227 0.073659 -0.091955 0.103504 45 0.175659 4 -0.034341 -0.030788 0.129557 0.026109 
22 4 21 0.163524 4 -0.040227 -0.082696 -0.051722 0.039991 23 0.257121 4 0.084713 0.004801 -0.049292 0.033544 33 -0.043873 4 0.067121 -0.042166 0.144313 -0.036428 50 -0.039798 4 0.089829 0.096834 0.005663 -0.008467 
23 4 22 2.000000 4 2.000000 2.000000 2.000000 2.000000 24 -0.041266 4 0.087201 -0.180366 0.003374 0.006914 29 -0.131301 4 0.036559 -0.088486 -0.141018 -0.263838 51 -0.057869 3 0.054510 0.107801 -0.044433 
24 4 23 -0.045082 4 0.237933 -0.064098 -0.131128 -0.014569 25 -0.206228 4 0.010579 0.068235 0.012104 -0.076362 26 -0.048111 3 -0.152302 -0.058669 -0.136374 54 -0.000435 4 0.072359 -0.010363 -0.185301 0.036559 
25 4 24 0.066735 4 -0.092241 0.135038 0.005220 0.022923 26 0.050276 3 -0.078738 0.052302 0.006490 27 0.202512 2 0.021617 -0.032027 29 -0.070203 4 0.064338 -0.243921 0.016568 0.104821 
26 3 24 0.080433 4 -0.019067 0.057813 -0.059550 0.017275 25 0.050515 4 -0.058398 0.114503 0.046994 0.137593 36 -0.057012 2 -0.004176 -0.005931 
27 2 25 -0.130120 4 0.031330 0.144839 -0.239015 -0.167655 28 -0.044143 3 0.126675 0.189353 -0.020477 
28 3 27 -0.046893 2 0.135381 0.217019 29 -0.051039 4 0.018970 -0.045553 -0.047719 -0.025613 31 0.042824 3 0.079867 -0.017065 0.203731 
29 4 23 -0.117392 4 -0.033968 -0.071586 0.054452 0.023531 25 -0.122345 4 0.046253 -0.209388 -0.015000 -0.183353 28 -0.023713 3 0.018534 0.076499 0.117958 30 -0.036496 3 0.075297 0.048408 0.077544 
30 3 29 0.182743 4 -0.005666 -0.003850 0.102045 0.108728 31 0.087276 3 -0.047083 -0.179728 -0.229532 33 -0.098020 4 -0.162258 -0.100007 0.044712 -0.077584 
31 3 28 0.111371 3 -0.008533 0.036939 -0.138621 30 0.121967 3 -0.085025 -0.074938 -0.080179 32 0.032694 3 -0.043925 0.078718 -0.050747 
32 3 31 0.034433 3 0.069431 0.034033 0.019186 33 -0.170026 4 0.097503 0.214016 0.146733 -0.158403 35 0.035206 3 0.052991 -0.124684 -0.201080 
33 4 22 2.000000 4 2.000000 2.000000 2.000000 2.000000 30 -0.182819 3 -0.121071 -0.218191 -0.113128 32 -0.148587 3 0.135430 -0.047649 0.268072 34 0.135635 4 0.039082 0.100400 -0.014599 -0.027958 
34 4 19 -0.002990 4 -0.078337 0.016082 -0.148294 -0.085007 21 -0.119720 4 -0.106922 0.016834 0.151590 0.215753 33 -0.091826 4 -0.175570 0.034675 -0.065410 -0.108148 35 0.060462 3 0.010338 -0.047186 0.005112 
35 3 18 -0.036630 2 0.076851 -0.093548 32 0.103645 3 -0.015271 -0.170036 -0.038325 34 0.061424 4 0.098885 -0.174570 0.039085 -0.135200 
36 2 26 -0.050539 3 0.021899 -0.045029 -0.027853 55 -0.003208 3 -0.160389 -0.091107 -0.019302 
37 3 20 0.012793 4 0.007168 -0.019131 -0.064123 0.132855 38 -0.110448 3 -0.019446 -0.077590 -0.075865 44 -0.168207 4 -0.007560 0.092900 -0.042457 0.087157 
38 3 37 0.074052 3 0.022652 -0.056333 -0.081722 39 0.014048 4 0.017734 -0.010333 -0.090499 -0.079434 44 -0.035915 4 0.053913 0.052166 -0.031140 0.082613 
39 4 16 0.071895 3 -0.034994 -0.011550 0.123482 38 0.109297 3 -0.053992 -0.204296 -0.128888 40 0.034804 4 0.029085 -0.021579 0.275134 -0.141508 43 0.177748 4 -0.024387 0.004025 -0.137383 0.107919 
40 4 16 0.229123 3 0.074393 0.154286 0.068752 39 -0.071966 4 -0.355017 -0.096705 0.031179 -0.081507 41 0.017100 3 0.028337 -0.006624 -0.054750 42 0.105411 4 0.006806 0.051297 0.114310 -0.089395 
41 3 40 0.204242 4 -0.057177 -0.072064 0.084790 0.157263 42 0.047917 4 0.105572 0.134101 0.024928 -0.080171 71 0.140064 4 0.067975 0.172638 0.050606 0.092921 
42 4 40 -0.001692 4 -0.154350 0.057106 -0.015392 0.055333 41 0.240275 3 0.127678 -0.063941 0.150593 43 0.018471 4 -0.094339 0.004083 0.030696 0.106682 47 -0.153485 3 -0.032315 -0.093587 0.141661 
43 4 39 -0.086794 4 0.036264 -0.191368 0.031992 -0.170059 42 0.106485 4 0.079092 0.138717 -0.018278 -0.090839 44 -0.006816 4 0.122693 -0.051070 -0.081847 -0.126177 46 -0.080508 4 -0.146765 0.027578 -0.033175 0.078848 
44 4 37 -0.029493 3 -0.005669 -0.020969 -0.172147 38 -0.139249 3 -0.077546 0.010443 -0.042815 43 0.028837 4 0.127505 -0.183143 -0.018120 0.011458 45 -0.107243 4 -0.072236 0.011200 0.166127 -0.105039 
45 4 21 -0.098550 4 -0.035088 -0.141908 0.072794 -0.120605 44 0.187489 4 -0.085819 0.142295 0.082342 -0.075597 46 -0.012973 4 0.101654 -0.065910 0.010603 0.183437 50 0.146786 4 0.225716 -0.044315 -0.003001 0.103909 
46 4 43 -0.182699 4 0.060751 -0.023302 -0.020947 -0.078403 45 -0.095153 4 -0.227198 -0.015665 -0.119787 -0.022794 47 -0.086259 3 0.246830 0.003389 0.150953 49 0.111040 4 -0.111071 0.127557 -0.167361 -0.027993 
47 3 42 0.028867 4 0.029075 0.062010 -0.012426 -0.108222 46 0.107495 4 -0.121768 -0.072216 -0.101917 -0.057909 48 0.053989 4 -0.095052 0.124206 0.026992 0.028347 
48 4 47 -0.037074 3 -0.083898 0.027681 0.032301 49 0.125080 4 -0.093605 -0.118917 -0.193494 0.087279 53 -0.040853 3 -0.101215 0.004674 0.008311 60 -0.007953 4 0.009122 -0.063820 -0.022635 -0.030691 
49 4 46 -0.077376 4 0.134957 -0.115618 -0.020591 0.106640 48 -0.126207 4 0.042107 -0.108821 0.079315 -0.270184 50 0.173755 4 -0.049259 0.156775 0.049846 0.079161 52 -0.109582 4 -0.009295 -0.038022 0.069592 0.231706 
50 4 22 2.000000 4 2.000000 2.000000 2.000000 2.000000 45 0.091899 4 -0.026840 0.143702 -0.053930 -0.043007 49 -0.042636 4 0.065074 -0.090205 0.094228 -0.168327 51 -0.043740 3 -0.242075 -0.015892 0.032888 
51 3 23 0.036003 4 0.127540 0.011967 0.095443 0.024056 50 0.031828 4 0.067950 -0.096877 -0.007641 -0.059779 52 -0.058196 4 -0.023699 0.229665 -0.140416 0.003418 
52 4 49 0.156229 4 -0.032090 0.037938 0.179268 0.091231 51 -0.156880 3 -0.065691 -0.143377 0.084799 53 -0.094734 3 -0.099212 -0.071526 0.046535 54 -0.041514 4 -0.152245 0.155625 0.010282 -0.023409 
53 3 48 0.082079 4 0.080782 0.080621 -0.024917 0.110233 52 0.131224 4 0.036731 0.110000 0.026347 -0.019109 59 0.030004 4 0.174875 -0.078321 0.063308 0.202239 
54 4 24 -0.044269 4 -0.041335 0.063464 0.031955 -0.034825 52 -0.015018 4 -0.000355 0.061778 0.232848 0.088643 55 0.015240 3 -0.024409 -0.197312 0.024906 58 -0.085247 4 0.026098 -0.079148 0.100933 0.039087 
55 3 36 -0.105187 2 0.058690 -0.048619 54 -0.025849 4 -0.068385 -0.046742 -0.111058 -0.052254 56 -0.208831 2 0.072684 -0.225535 
56 2 55 -0.117498 3 -0.177197 0.002659 0.032849 57 0.073632 3 -0.094883 0.053644 0.125902 
57 3 56 0.044687 2 0.068374 -0.156339 58 -0.127684 4 -0.073056 -0.085381 -0.033875 -0.067128 67 0.046947 3 -0.084161 0.190991 -0.033297 
58 4 54 0.058282 4 -0.015243 0.028636 -0.173222 -0.114163 57 0.053702 3 0.046986 0.035139 -0.116102 59 -0.007178 4 0.112566 -0.006674 0.014169 0.010928 65 -0.049352 4 -0.054997 -0.183128 -0.013088 -0.156497 
59 4 53 0.117682 3 -0.016467 0.020735 0.019796 58 0.160209 4 -0.138627 0.036660 -0.121047 0.025167 60 0.015876 4 0.060320 0.159841 -0.205080 0.082926 64 -0.035871 4 -0.016216 -0.007531 -0.056240 0.023415 
60 4 48 0.057639 4 -0.025862 -0.061876 -0.053861 0.061628 59 -0.056015 4 0.049163 0.110062 0.036294 -0.014589 61 -0.005483 4 -0.113837 0.031478 -0.030659 0.022152 71 -0.103173 4 0.087458 -0.049285 -0.048226 -0.025919 
61 4 60 -0.038144 4 0.021260 0.203694 -0.087289 0.133993 62 -0.102351 3 -0.021543 0.089790 0.005971 64 0.176052 4 -0.053421 -0.025920 0.095887 0.126679 70 -0.054935 4 0.096102 -0.056376 -0.128882 0.040087 
62 3 61 -0.060516 4 0.052798 -0.251255 0.002423 0.209556 63 0.024533 3 -0.018844 -0.064419 -0.100777 69 0.031872 2 -0.181096 -0.048944 
63 3 62 0.027607 3 0.030143 -0.098391 0.025347 64 -0.034388 4 0.078797 -0.059330 0.049220 0.056548 66 -0.061862 3 -0.004281 0.195645 -0.127220 
64 4 59 0.041016 4 0.027507 -0.092674 -0.072176 0.044097 61 0.014765 4 0.109289 0.017010 0.130485 -0.093013 63 0.035512 3 0.033816 -0.053089 -0.075736 65 -0.057194 4 -0.263156 0.076018 0.187485 0.049964 
65 4 58 -0.134755 4 0.137632 0.005898 -0.123042 -0.087247 64 0.141798 4 -0.080267 0.110238 -0.048036 0.009144 66 -0.035459 3 -0.133315 -0.018306 -0.162587 67 0.060182 3 -0.070242 0.075949 0.170965 
66 3 63 -0.185895 3 0.048544 0.009724 0.107326 65 0.102188 4 0.072802 -0.244887 -0.179157 -0.083336 68 0.191336 2 -0.087361 -0.160023 
67 3 57 -0.118430 3 -0.067825 -0.093118 0.110022 65 -0.059725 4 -0.060998 -0.127602 -0.041627 -0.068497 68 0.090258 2 0.026216 -0.023129 
68 2 66 0.087343 3 -0.148552 0.058032 -0.036395 67 -0.090963 3 -0.060003 -0.085180 0.079389 
69 2 62 0.109054 3 -0.010893 -0.155281 0.217079 70 -0.064707 4 -0.034170 0.027106 0.035483 -0.130653 
70 4 61 -0.012786 4 0.122114 0.025112 0.014365 0.135064 69 0.064644 2 0.015910 -0.172228 71 0.119975 4 -0.001606 0.116699 0.121263 0.026468 80 0.171194 2 -0.169347 0.109644 
71 4 41 -0.132840 3 -0.005738 0.019189 0.128127 60 -0.082025 4 0.040276 -0.372221 -0.166374 -0.082801 70 -0.002638 4 -0.129129 0.015346 0.015196 -0.069311 72 0.071805 3 0.116946 -0.078808 -0.034559 
72 3 71 0.000337 4 -0.066738 -0.089646 0.005462 -0.139416 73 0.109395 3 -0.031219 0.083032 0.081378 74 -0.003139 3 -0.194608 0.040672 -0.045798 
73 3 72 -0.032708 3 0.045054 0.017212 -0.031608 74 0.030225 3 -0.001332 0.060790 0.072602 76 0.052810 3 -0.074969 -0.132735 -0.041905 
74 3 72 -0.150832 3 0.102000 0.034281 0.039400 73 0.008974 3 -0.044253 -0.076566 0.207703 75 -0.066934 3 -0.010517 -0.003325 -0.027370 
75 3 74 0.066404 3 0.006971 -0.031951 -0.104422 76 0.261016 3 0.049294 0.143979 0.018487 77 0.093229 3 -0.074415 0.005643 0.102030 
76 3 73 0.033820 3 0.178314 -0.140524 0.011401 75 -0.064146 3 -0.043328 0.054460 0.016892 79 -0.090843 3 -0.058863 -0.180719 -0.121418 
77 3 11 0.003743 5 -0.060640 -0.027370 0.117574 -0.059457 0.037203 75 -0.057777 3 0.090582 0.023166 0.008480 78 0.057537 2 -0.061055 0.084132 
78 2 77 0.003324 3 0.162862 0.047554 0.030731 79 0.087370 3 0.023537 0.103404 -0.033090 
79 3 76 -0.112281 3 -0.051219 0.053186 -0.030648 78 -0.019001 2 0.089182 -0.146387 80 -0.117536 2 0.132637 -0.073062 
80 2 70 -0.012780 4 0.023855 -0.046788 0.071357 -0.141750 79 -0.019835 3 -0.106729 0.163238 -0.097539 
