80
1 2 2 -0.076390 3 0.036523 -0.178778 -0.068168 4 0.198445 3 0.193633 0.160630 0.099958
2 3 1 0.190617 2 -0.003551 -0.059458 3 -0.107934 2 -0.106423 -0.213348 5 0.018283 4 0.161152 -0.168620 0.198767 0.103074
3 2 2 -0.003533 3 0.007592 0.138096 -0.006649 6 -0.019250 4 0.068327 0.006805 0.075164 0.032859
4 3 1 0.048331 2 -0.076286 -0.040428 5 0.183225 4 -0.099724 0.045323 0.069460 -0.016223 8 -0.012344 3 -0.140669 -0.108714 0.244692
5 4 2 0.053268 3 0.052439 -0.021644 -0.023406 4 -0.131721 3 0.063766 0.160090 -0.144244 6 -0.172702 4 0.003340 -0.080014 0.163183 -0.240319 9 -0.124328 4 -0.145294 -0.221257 -0.035099 0.158893
6 4 3 0.020121 2 -0.078872 -0.051744 5 0.034777 4 0.311287 0.082332 -0.100174 0.098735 7 0.001334 3 0.116719 -0.136052 0.020132 10 0.273092 4 0.003801 0.023040 0.075029 0.046371
7 3 6 -0.131576 4 0.060382 -0.100048 -0.134380 0.025626 11 -0.044003 5 -0.075572 -0.204180 0.097375 0.044759 -0.088304 17 -0.102160 3 -0.047768 -0.028824 0.040293
8 3 4 -0.000916 3 -0.056490 0.037844 0.070535 9 0.109825 4 -0.027941 -0.015751 -0.114089 -0.071115 12 0.015959 3 0.129189 0.118311 -0.001144
9 4 5 0.070175 4 -0.073310 0.035567 0.090801 -0.214266 8 0.066329 3 0.177615 0.022887 0.111883 10 0.026884 4 -0.094989 -0.090219 0.080553 -0.110234 13 0.050974 4 -0.059289 0.011002 -0.106077 -0.200368
10 4 6 -0.047741 4 -0.085715 -0.094997 0.056325 0.014120 9 0.007279 4 0.118132 0.057290 -0.033035 0.027410 11 0.187443 5 0.152951 -0.012269 -0.189384 0.090789 -0.002197 14 0.191536 3 0.054441 -0.188995 0.058728
11 5 7 -0.127447 3 -0.076783 -0.005325 0.185414 10 0.043698 4 0.046686 0.132011 0.058943 -0.153981 14 0.055147 3 -0.046425 0.107584 -0.062396 16 -0.104385 3 -0.067157 0.041474 0.166779 77 -0.025604 3 -0.034419 0.104200 0.160447
12 3 8 0.040056 3 -0.043649 -0.116488 0.007791 13 -0.062407 4 -0.060504 0.055371 0.109078 0.047299 15 -0.187556 2 0.201822 -0.060117
13 4 9 0.132759 4 0.031158 -0.052859 0.074772 0.110738 12 0.173156 3 -0.162328 0.031637 0.141554 14 -0.082683 3 0.140990 -0.029068 -0.103093 15 0.029987 2 -0.013597 0.087534
14 3 10 -0.022664 4 0.016496 0.076378 -0.155386 -0.077320 11 -0.112242 5 -0.094735 0.156142 0.023682 0.041866 -0.074302 13 -0.022036 4 -0.007825 -0.080653 0.044538 0.025557
15 2 12 0.008721 3 -0.052503 -0.032110 -0.212955 13 0.267976 4 0.059039 -0.014679 -0.010718 -0.225943
16 3 11 -0.015129 5 0.039757 0.244255 0.074563 -0.189391 0.049013 39 0.002455 4 -0.071547 -0.067276 -0.055855 -0.059101 40 0.105623 4 0.003008 -0.063136 -0.066093 0.152062
17 3 7 -0.102382 3 -0.019911 -0.093485 -0.000355 19 0.071971 4 0.077956 -0.040784 0.028031 -0.045726 20 0.036915 4 0.010936 0.022355 -0.002126 0.009613
18 2 19 -0.075740 4 -0.039167 0.047942 0.028016 0.016512 35 0.111343 3 0.076579 -0.018418 0.115265
19 4 17 0.018419 3 -0.014877 0.095425 -0.022008 18 -0.050319 2 0.140049 0.095533 20 -0.086654 4 -0.122821 -0.118689 0.011927 0.056712 34 0.083378 4 -0.103060 -0.051619 0.105921 -0.062076
20 4 17 -0.008112 3 0.065772 0.107400 0.030760 19 -0.054414 4 0.040447 0.101829 -0.072770 0.006409 21 -0.032568 4 0.039996 -0.046569 0.058795 0.006798 37 0.090082 3 0.027729 0.101003 0.023601
21 4 20 0.072645 4 0.022849 0.103502 -0.095907 -0.074661 22 0.063244 4 -0.137851 0.081638 -0.076921 -0.032433 34 -0.069825 4 0.059280 0.019473 0.101026 0.004744 45 0.018903 4 -0.017643 0.159876 0.087031 0.067791
22 4 21 0.129582 4 -0.177127 0.037253 -0.009424 0.110603 23 0.116378 4 -0.142956 0.033392 0.036097 0.072926 33 0.279255 4 0.041052 0.091600 -0.012052 -0.113142 50 -0.029082 4 -0.068980 -0.040159 0.060007 0.106610
23 4 22 -0.114168 4 -0.116936 0.118934 0.027176 0.084584 24 -0.098656 4 -0.014889 0.064159 0.039358 0.135103 29 0.052561 4 -0.057811 0.052678 0.020305 -0.169233 51 -0.044734 3 0.038403 0.222107 0.230727
24 4 23 -0.066361 4 -0.136348 0.074604 -0.141737 -0.012993 25 0.146537 4 -0.113080 0.028187 0.022252 0.051704 26 -0.012232 3 -0.039729 -0.112826 -0.081311 54 -0.049632 4 -0.113724 0.014275 -0.104041 0.032505
25 4 24 0.145863 4 -0.019386 0.034445 -0.036458 0.105634 26 0.043601 3 -0.003458 0.079097 0.042798 27 0.004076 2 -0.090999 0.007704 29 0.015058 4 0.071220 -0.113461 -0.239691 -0.003409
26 3 24 -0.084101 4 -0.228520 -0.033789 0.024936 -0.015310 25 0.014713 4 0.057711 -0.031630 0.008465 0.165369 36 0.136409 2 0.136457 0.020369
27 2 25 -0.002202 4 -0.024120 -0.080707 0.023691 0.222668 28 0.063217 3 -0.013621 0.164054 -0.022234
28 3 27 0.067190 2 -0.133191 -0.107745 29 0.099904 4 -0.023098 0.105451 -0.143237 0.145713 31 -0.201979 3 -0.058503 0.061219 -0.103048
29 4 23 0.015210 4 0.057804 0.065373 -0.023053 -0.039796 25 -0.074090 4 0.089996 -0.023107 -0.108067 0.032243 28 -0.108227 3 0.014160 -0.007673 -0.074000 30 0.225419 3 0.004773 -0.079042 -0.079556
30 3 29 -0.107342 4 0.004622 0.103562 -0.055233 -0.050341 31 0.160912 3 -0.042110 -0.178994 -0.045676 33 0.154603 4 0.016231 0.011917 0.017019 -0.100432
31 3 28 -0.096118 3 -0.064481 0.094232 0.023848 30 -0.036242 3 -0.037100 -0.136542 0.037168 32 0.048452 3 -0.090948 0.008258 -0.058123
32 3 31 0.188185 3 -0.046384 -0.053709 -0.137431 33 0.056783 4 0.136693 0.142259 0.064498 -0.025205 35 -0.040057 3 -0.078541 0.030949 0.093279
33 4 22 -0.018809 4 0.030931 -0.036706 -0.005713 0.039545 30 0.076053 3 -0.053541 0.048046 0.065930 32 0.185374 3 -0.028647 0.016150 -0.071074 34 -0.069748 4 -0.207704 -0.162815 -0.021129 0.040800
34 4 19 0.128916 4 -0.204331 -0.171463 -0.002545 -0.053435 21 -0.072153 4 -0.037485 0.107869 0.071129 -0.079475 33 0.304326 4 0.088743 -0.015544 -0.049912 -0.098515 35 0.117595 3 -0.027068 0.109042 -0.030119
35 3 18 -0.113001 2 0.005445 -0.018257 32 0.119290 3 0.046017 -0.008317 -0.044011 34 -0.105997 4 0.111251 0.089128 -0.025095 -0.127171
36 2 26 0.199423 3 -0.104738 -0.133386 -0.058987 55 -0.037425 3 -0.020129 0.077514 -0.085939
37 3 20 -0.039425 4 -0.115312 -0.248846 0.030786 -0.134846 38 -0.161819 3 -0.045079 0.048418 0.019935 44 -0.068858 4 -0.050744 -0.149869 -0.017423 0.090491
38 3 37 0.031170 3 -0.059288 0.070418 0.074746 39 0.033854 4 -0.153743 -0.183335 0.038432 0.066029 44 -0.130293 4 0.076377 0.029169 0.015725 -0.043440
39 4 16 -0.111986 3 0.025384 0.033316 0.161867 38 -0.247614 3 -0.167698 0.137095 -0.157442 40 -0.156697 4 0.027099 -0.121593 0.095917 -0.101739 43 -0.023257 4 0.128770 0.175734 0.012406 0.110416
40 4 16 -0.013748 3 0.009288 -0.125857 -0.146835 39 0.112223 4 -0.091050 -0.159923 -0.054059 0.146275 41 -0.034749 3 0.033668 0.066013 -0.011803 42 0.023535 4 -0.005127 0.124843 0.089604 -0.036700
41 3 40 -0.048334 4 0.004478 0.108130 -0.128671 -0.014064 42 0.141505 4 -0.055987 -0.002283 -0.051361 0.083646 71 0.007843 4 -0.026963 0.072377 0.196168 -0.034547
42 4 40 -0.060072 4 -0.001857 0.022956 0.083232 0.172682 41 0.097282 3 0.119080 0.154606 -0.068012 43 -0.012712 4 0.006050 -0.133632 -0.006848 0.157664 47 0.045190 3 -0.006838 0.077796 0.273433
43 4 39 0.049284 4 0.030548 -0.196365 0.056269 0.124008 42 0.027920 4 -0.000561 -0.085181 -0.085259 -0.153266 44 -0.046254 4 -0.026918 0.073929 0.027936 0.003320 46 0.154144 4 -0.071448 -0.060768 -0.138960 0.158165
44 4 37 -0.028422 3 -0.046248 -0.071262 0.077336 38 0.184843 3 0.047688 -0.107932 0.127082 43 0.113844 4 0.187907 -0.044024 0.204523 -0.211552 45 0.014519 4 0.110658 0.066582 -0.012947 -0.000770
45 4 21 0.031152 4 -0.066698 0.026691 -0.034910 0.115608 44 -0.035338 4 0.006290 0.133255 -0.026822 -0.073288 46 -0.057386 4 -0.071154 0.147675 -0.002614 0.107303 50 -0.005080 4 -0.070378 0.001677 -0.183553 -0.042657
46 4 43 0.162027 4 -0.023663 -0.112422 0.035015 -0.118495 45 0.019882 4 -0.035333 -0.002524 -0.003473 0.031928 47 0.067402 3 0.071681 0.001446 -0.047738 49 -0.068177 4 -0.032481 -0.033853 0.150071 -0.019574
47 3 42 0.064365 4 -0.062114 0.040832 0.066558 -0.104176 46 -0.102383 4 0.039500 -0.105685 -0.027920 0.113208 48 0.071935 4 -0.142442 0.076075 -0.041637 0.094781
48 4 47 0.007303 3 -0.165471 -0.047746 0.072491 49 0.018298 4 0.016550 0.184952 -0.065173 -0.013662 53 0.139531 3 0.022079 -0.042656 -0.005898 60 0.060340 4 0.120494 -0.133580 0.102138 -0.028423
49 4 46 -0.087375 4 0.124050 -0.018555 -0.083261 0.097429 48 -0.002127 4 -0.004493 0.007252 0.074770 0.005218 50 0.123858 4 0.096665 -0.268451 -0.135025 0.001925 52 0.062988 4 -0.055486 -0.259112 0.068362 -0.149846
50 4 22 -0.132651 4 -0.005545 -0.011234 0.058915 0.027186 45 0.096445 4 -0.033137 0.101492 0.027599 0.027535 49 0.213530 4 -0.168283 -0.073264 -0.115937 -0.089738 51 0.077491 3 0.082667 -0.018753 0.003289
51 3 23 -0.002489 4 -0.025803 0.087884 0.060091 0.017628 50 0.150312 4 0.065502 -0.048434 0.195459 -0.042755 52 -0.035289 4 0.070914 0.226844 -0.036367 -0.101353
52 4 49 -0.047610 4 0.113062 0.054294 -0.185412 -0.024448 51 0.030967 3 0.049393 0.080194 0.007369 53 -0.056316 3 0.295274 0.124877 0.193013 54 -0.044316 4 -0.100904 -0.137482 -0.222334 -0.083667
53 3 48 -0.207887 4 0.081495 -0.063500 0.014235 0.139522 52 -0.047409 4 0.045897 0.097235 0.141535 0.003021 59 0.069777 4 -0.057765 -0.011168 -0.155546 -0.003338
54 4 24 0.113563 4 0.205657 -0.091317 -0.101170 0.147512 52 -0.055282 4 -0.101917 0.149070 0.178960 0.030145 55 0.101526 3 -0.115108 -0.034230 0.062471 58 0.030194 4 0.009232 0.051044 0.014794 -0.011195
55 3 36 0.202496 2 0.083790 0.168269 54 0.070395 4 0.006697 -0.028126 -0.031336 -0.138329 56 -0.004645 2 -0.016991 0.052567
56 2 55 0.130436 3 0.050441 -0.096769 -0.056903 57 0.103479 3 -0.092142 -0.077730 -0.073157
57 3 56 -0.093900 2 -0.062486 0.004932 58 -0.055522 4 0.007729 0.068656 -0.011915 -0.014368 67 0.152014 3 0.183087 0.050510 0.048162
58 4 54 -0.018722 4 0.123804 -0.088943 0.151470 -0.089105 57 0.021994 3 -0.024280 0.033224 0.088010 59 0.026209 4 0.000322 0.026947 0.129781 0.042150 65 -0.083350 4 0.067991 -0.053660 0.005167 0.104567
59 4 53 -0.132307 3 0.034092 -0.064762 -0.016941 58 -0.165776 4 -0.153657 0.081201 0.081163 -0.040783 60 -0.092475 4 0.163503 0.026008 0.113867 0.062114 64 -0.123691 4 -0.090913 0.076988 0.081177 -0.000986
60 4 48 0.184861 4 0.120041 0.005017 -0.144943 -0.135642 59 0.138242 4 0.005133 -0.135412 0.051280 0.184109 61 0.149853 4 -0.202754 0.072725 -0.086593 -0.111432 71 -0.236867 4 0.034987 -0.032036 0.041952 0.092144
61 4 60 -0.039290 4 -0.058673 -0.050740 -0.026809 -0.027596 62 -0.090141 3 -0.075803 -0.050440 -0.057785 64 0.005561 4 0.113895 0.101134 0.077402 -0.039975 70 0.056629 4 0.093887 0.113551 0.052843 -0.119267
62 3 61 -0.109181 4 -0.027100 0.004764 0.096110 0.109090 63 -0.068651 3 -0.022142 -0.014872 -0.130962 69 0.024703 2 0.113866 0.017289
63 3 62 0.046259 3 0.031502 0.041732 -0.226040 64 -0.001464 4 0.176852 -0.126316 -0.114732 0.052538 66 0.148325 3 0.030630 0.014039 -0.010891
64 4 59 -0.105707 4 -0.072139 -0.014013 0.052086 -0.026569 61 -0.077635 4 0.036550 -0.135197 0.146884 0.104809 63 -0.077011 3 -0.007656 0.105549 0.030451 65 0.038335 4 0.167481 0.082218 -0.065016 -0.155181
65 4 58 -0.243248 4 -0.040347 0.050058 0.014796 0.080765 64 0.148029 4 -0.098116 0.110661 0.064844 0.128968 66 0.025787 3 -0.020600 -0.087273 -0.279830 67 0.019560 3 -0.082112 0.022185 -0.176477
66 3 63 -0.075066 3 0.153345 -0.076903 -0.069210 65 -0.106693 4 0.000231 -0.015013 -0.122983 0.018965 68 -0.045215 2 -0.131435 -0.121109
67 3 57 0.000506 3 0.118949 -0.027903 0.109713 65 -0.176056 4 -0.237104 -0.003163 0.021992 -0.064977 68 0.120234 2 0.013025 0.040412
68 2 66 -0.128370 3 0.126875 -0.036124 0.015495 67 0.063276 3 0.024128 0.032689 0.117101
69 2 62 -0.154516 3 -0.036265 -0.166618 0.137007 70 0.057143 4 -0.012995 0.158302 0.126080 -0.067170
70 4 61 0.001060 4 0.005366 0.145710 0.017978 0.058191 69 -0.003548 2 0.048411 0.152092 71 0.101766 4 0.176178 -0.125500 0.106996 -0.032868 80 0.092923 2 0.134370 -0.009979
71 4 41 -0.105943 3 0.019669 0.080561 -0.038769 60 -0.064184 4 -0.217265 -0.153591 0.065989 -0.049626 70 -0.033820 4 0.105127 -0.001549 -0.054002 -0.157915 72 0.069221 3 -0.165055 -0.051200 0.030492
72 3 71 0.012213 4 0.195367 -0.026959 0.116784 0.134229 73 0.082634 3 -0.016754 -0.189050 0.046888 74 0.025487 3 -0.206881 0.055634 0.060736
73 3 72 -0.007766 3 0.165504 0.095325 0.036344 74 0.109599 3 -0.033662 0.063190 0.044866 76 0.062472 3 -0.043545 0.081666 -0.025309
74 3 72 0.132400 3 -0.096317 -0.114697 -0.042431 73 -0.034590 3 -0.086635 -0.098271 0.177104 75 0.067480 3 0.061280 0.025586 0.126642
75 3 74 -0.076918 3 0.120756 0.017541 -0.029120 76 0.014916 3 0.093785 -0.187478 0.111028 77 0.070790 3 -0.071625 -0.006594 -0.168407
76 3 73 0.134284 3 -0.101296 -0.089628 -0.028563 75 0.132941 3 -0.079906 0.050503 -0.075457 79 0.059081 3 0.152729 0.137600 -0.127847
77 3 11 -0.147542 5 -0.064086 0.156134 -0.018037 -0.033242 0.018485 75 -0.052268 3 -0.191248 0.083015 0.052430 78 -0.111540 2 0.016754 -0.067188
78 2 77 -0.080894 3 -0.121669 -0.093808 0.119341 79 -0.165863 3 0.029684 0.119090 0.176255
79 3 76 0.168598 3 0.006557 -0.121769 -0.032660 78 -0.001232 2 0.123203 -0.012231 80 -0.080818 2 0.016005 -0.040877
80 2 70 0.023898 4 -0.145320 0.079507 0.028085 0.005018 79 -0.046495 3 0.110577 0.051201 -0.003388