80
1 2 2 -0.104975 3 -0.117987 -0.127328 0.130178 4 0.241923 3 0.000761 0.125115 -0.022461
2 3 1 -0.049509 2 0.017246 0.018482 3 0.088036 2 -0.063920 0.174144 5 0.108612 4 -0.037881 -0.085143 -0.082678 -0.075963
3 2 2 -0.005446 3 -0.103829 0.098718 -0.012080 6 -0.084480 4 0.233426 -0.014154 0.156757 -0.071646
4 3 1 0.076247 2 0.028347 -0.073911 5 0.088102 4 -0.072672 -0.071737 -0.004355 0.072683 8 0.054309 3 -0.031262 -0.205901 -0.168700
5 4 2 0.073383 3 -0.008491 -0.157638 0.097544 4 -0.124926 3 0.197875 -0.092768 0.177814 6 -0.034022 4 0.019008 -0.112075 -0.147618 0.032436 9 0.022284 4 -0.127545 -0.059483 0.038276 0.008374
6 4 3 0.072322 2 0.003122 0.108704 5 -0.073929 4 0.082512 -0.132488 0.127834 0.022440 7 0.098662 3 0.019310 0.080561 -0.065928 10 -0.027389 4 -0.072852 0.194642 0.043305 -0.064062
7 3 6 0.113799 4 -0.122950 0.218787 -0.026258 -0.023651 11 0.157313 5 -0.160039 -0.086742 -0.051406 0.153634 -0.044911 17 0.025913 3 0.014664 -0.013353 -0.079108
8 3 4 -0.148853 3 -0.012750 -0.069943 0.077674 9 -0.171946 4 -0.113957 -0.104826 -0.053887 -0.033323 12 0.031375 3 -0.076332 -0.000428 0.000070
9 4 5 0.120666 4 -0.075916 -0.107175 0.176085 0.122508 8 0.025303 3 0.027542 -0.105198 0.013000 10 -0.068200 4 0.157495 -0.158868 -0.104138 -0.038977 13 0.108072 4 0.074363 -0.006656 -0.159675 0.108698
10 4 6 -0.053168 4 -0.261910 0.091483 0.142826 0.069790 9 -0.036747 4 -0.084137 0.043738 0.087491 -0.176374 11 -0.046481 5 -0.224051 0.113272 -0.140194 0.007100 -0.058267 14 -0.170307 3 -0.001801 -0.139209 -0.046259
11 5 7 0.071977 3 0.003545 -0.018909 0.080931 10 0.054570 4 0.171402 -0.043806 0.022284 -0.006790 14 -0.005418 3 -0.031903 0.051591 -0.133934 16 -0.024863 3 0.154951 0.034188 -0.188262 77 0.088022 3 -0.019321 0.034739 -0.104287
12 3 8 0.075482 3 0.205677 -0.079017 -0.132925 13 0.069720 4 0.053931 -0.071547 0.005149 0.016768 15 -0.106433 2 0.084656 -0.037287
13 4 9 0.020598 4 0.076724 -0.076496 -0.089187 0.055553 12 0.037353 3 -0.003054 -0.103646 0.059190 14 -0.201727 3 0.124883 0.028218 0.031786 15 0.025850 2 -0.138571 0.089729
14 3 10 -0.014691 4 0.044698 0.087241 -0.157414 0.168939 11 -0.028153 5 0.218082 0.040410 0.219680 0.104939 0.071581 13 0.086093 4 -0.065486 0.072298 0.158917 -0.056829
15 2 12 0.154084 3 -0.019490 0.129702 0.050872 13 -0.089363 4 -0.088883 0.198310 -0.095644 0.028912
16 3 11 -0.025473 5 -0.139869 0.079959 0.095543 -0.122873 -0.178377 39 0.021862 4 -0.089063 0.008447 -0.043129 -0.072410 40 -0.074783 4 0.091566 0.069927 -0.217310 0.107898
17 3 7 0.075239 3 0.044630 0.167959 -0.121625 19 -0.024611 4 -0.036333 -0.079155 0.051853 -0.102459 20 0.054282 4 0.082249 -0.079580 0.042045 -0.045009
18 2 19 0.011656 4 -0.089247 -0.191690 -0.040480 -0.027886 35 0.106562 3 0.040236 -0.171251 0.061225
19 4 17 -0.071799 3 0.117184 0.102377 0.070534 18 0.086557 2 -0.027445 -0.225392 20 -0.061458 4 0.010425 0.088420 0.035131 0.017837 34 -0.041142 4 -0.107954 0.102865 0.160404 0.155911
20 4 17 0.042027 3 -0.045185 0.116810 -0.042509 19 0.036448 4 -0.026272 -0.039945 -0.074018 0.077573 21 0.018356 4 0.176640 -0.099250 -0.144357 -0.015858 37 0.189076 3 0.042432 -0.037531 -0.019188
21 4 20 -0.099737 4 0.215759 -0.025001 -0.051365 -0.006901 22 0.018352 4 -0.027066 -0.165029 0.055384 0.052154 34 -0.019365 4 0.195461 -0.092519 0.018932 -0.034567 45 0.009996 4 0.065158 0.052981 -0.277855 -0.109598
22 4 21 0.002767 4 0.031278 -0.002200 0.008306 0.056356 23 -0.035048 4 0.120097 -0.151731 0.006637 0.094724 33 0.099896 4 0.124785 0.110557 0.116949 -0.075973 50 -0.036738 4 -0.064544 -0.024814 -0.019423 -0.059104
23 4 22 0.066130 4 -0.031754 0.017841 0.058678 0.131296 24 0.118316 4 -0.017798 -0.205873 -0.133275 -0.196646 29 0.001018 4 0.138182 -0.126658 0.177136 -0.123217 51 -0.197297 3 0.099454 -0.078935 0.162823
24 4 23 -0.180421 4 -0.074509 -0.061008 -0.022790 -0.010312 25 0.079385 4 -0.042996 -0.009322 0.008942 -0.136929 26 -0.067991 3 -0.107448 -0.145632 0.049135 54 -0.158077 4 0.098142 -0.004816 0.108523 -0.090805
25 4 24 -0.224587 4 -0.003238 0.149000 0.111956 0.155859 26 0.061924 3 0.084644 -0.012042 0.088802 27 0.239553 2 -0.223731 0.067191 29 -0.065317 4 0.065050 -0.134725 -0.011929 -0.085684
26 3 24 -0.069107 4 0.022290 0.056429 0.064059 0.043315 25 0.122160 4 -0.241160 0.051683 0.076766 0.038349 36 0.049051 2 0.041625 0.041924
27 2 25 0.167823 4 -0.022269 -0.093277 0.022275 -0.010525 28 0.083074 3 0.018089 -0.006272 -0.164101
28 3 27 -0.029392 2 -0.012564 0.031717 29 -0.058655 4 0.040522 0.037959 0.072045 0.166631 31 -0.151529 3 -0.203650 -0.192159 0.029469
29 4 23 0.075036 4 0.053331 0.065931 0.114906 0.112502 25 -0.065547 4 -0.007765 -0.012611 -0.074423 -0.034360 28 0.030370 3 0.109125 0.096342 0.025977 30 0.080342 3 0.131506 0.205838 0.088052
30 3 29 0.100210 4 0.021726 -0.051778 -0.003072 0.065006 31 -0.056007 3 -0.080528 -0.120283 0.031522 33 0.045459 4 -0.053988 0.068217 -0.081896 -0.105918
31 3 28 -0.004019 3 -0.064890 -0.054073 -0.121479 30 0.042388 3 -0.089050 0.059193 -0.074577 32 -0.088351 3 -0.024874 -0.087503 0.078432
32 3 31 -0.131386 3 0.013027 -0.148833 0.085443 33 -0.121369 4 -0.088359 -0.117535 0.086198 0.044234 35 0.108175 3 0.006797 -0.020781 0.042111
33 4 22 -0.012240 4 -0.067342 -0.130757 -0.086726 0.113911 30 0.004562 3 0.057913 -0.075731 0.067282 32 0.045739 3 0.170844 -0.079654 -0.162353 34 0.035294 4 -0.031559 0.029660 0.077662 -0.080896
34 4 19 -0.069360 4 -0.070573 0.046959 0.072420 -0.001430 21 0.106891 4 0.061418 -0.097960 -0.152336 0.001522 33 -0.101861 4 0.067333 -0.081699 -0.016019 -0.066269 35 -0.037319 3 0.063227 -0.035516 0.098006
35 3 18 -0.007042 2 -0.076414 -0.049750 32 0.078135 3 -0.090642 -0.182637 0.105090 34 -0.009406 4 0.005658 0.096679 0.006988 -0.090109
36 2 26 0.006718 3 0.097207 0.093386 0.075119 55 -0.122417 3 0.093060 -0.070155 -0.079852
37 3 20 0.124398 4 0.200451 0.081131 -0.012018 0.179605 38 0.102342 3 0.027429 0.032349 0.072994 44 -0.010624 4 0.035444 0.145375 0.238085 -0.254447
38 3 37 -0.145631 3 0.074059 0.000374 -0.181340 39 -0.045084 4 -0.068980 -0.144931 0.056589 -0.145079 44 0.140911 4 -0.189474 -0.190575 0.000650 -0.150601
39 4 16 0.089926 3 -0.004206 -0.017445 0.124101 38 -0.022427 3 0.012785 0.148029 0.073643 40 0.000607 4 0.044220 -0.073948 0.003601 -0.174671 43 -0.130200 4 0.061365 -0.001570 0.025394 0.024870
40 4 16 0.052896 3 -0.062825 -0.145086 0.334106 39 0.267340 4 0.029596 -0.023971 -0.065187 -0.055612 41 -0.118102 3 0.021917 -0.042577 -0.077297 42 0.124396 4 0.027133 0.035709 0.072171 0.015464
41 3 40 -0.025252 4 -0.077602 0.073396 -0.032853 0.042064 42 -0.006193 4 0.080223 -0.088883 0.213685 -0.053210 71 -0.022149 4 0.201490 0.012706 0.050809 0.105093
42 4 40 -0.020002 4 0.088121 -0.101800 -0.059917 0.026236 41 0.057926 3 0.288878 0.125885 0.107655 43 0.032895 4 -0.061730 0.099186 0.075529 0.065308 47 -0.103602 3 0.098510 -0.006098 -0.126603
43 4 39 -0.070580 4 -0.087143 0.251093 -0.072051 -0.086017 42 -0.023069 4 0.212354 -0.075533 -0.167648 0.000747 44 -0.131145 4 0.011501 0.067174 0.120535 0.227353 46 -0.148002 4 -0.029695 0.018784 0.069900 0.119691
44 4 37 0.048283 3 0.035777 -0.054833 -0.169604 38 -0.014674 3 0.100781 0.230399 -0.134246 43 -0.092230 4 0.133420 -0.105199 -0.093599 -0.084292 45 -0.012597 4 -0.050627 0.025239 0.051331 -0.036118
45 4 21 -0.067086 4 0.048789 0.180194 -0.056489 -0.010196 44 -0.059420 4 0.033418 0.076037 0.110613 0.002152 46 -0.069884 4 -0.138469 0.054594 0.075939 -0.069108 50 -0.018654 4 0.096153 0.069878 -0.024375 -0.015276
46 4 43 -0.017597 4 -0.111405 0.039786 -0.063834 0.089273 45 0.065306 4 0.116090 0.113259 0.005327 -0.064038 47 0.013661 3 -0.025592 0.133988 0.022321 49 0.052779 4 0.166091 -0.051332 -0.191561 -0.071434
47 3 42 -0.039268 4 0.058848 -0.014844 0.051691 0.021767 46 0.167779 4 -0.081869 0.174086 0.186406 0.039189 48 0.038340 4 0.098701 -0.043997 0.007727 0.022992
48 4 47 0.167058 3 0.039890 0.069250 -0.040253 49 0.163049 4 0.147360 -0.061003 0.054996 -0.117920 53 -0.012588 3 0.080435 0.076823 0.041477 60 0.148895 4 0.016082 -0.080331 -0.020366 0.106756
49 4 46 0.060789 4 -0.028378 0.074318 0.034780 0.187451 48 0.024621 4 0.079067 0.016013 0.045684 -0.023594 50 -0.064301 4 0.064948 -0.011425 0.062200 0.198956 52 -0.108301 4 0.157480 0.075673 0.019370 0.088885
50 4 22 -0.023330 4 0.189917 -0.059599 -0.010490 -0.042278 45 0.134095 4 0.046863 0.074962 -0.032501 0.101141 49 -0.237674 4 -0.172854 -0.054667 0.010345 -0.094451 51 -0.049369 3 -0.003717 0.010166 0.123890
51 3 23 0.047132 4 0.054304 0.035339 0.069505 -0.030677 50 0.023231 4 0.025010 -0.106622 0.104339 -0.002671 52 -0.023636 4 0.169588 -0.031019 0.118281 -0.001104
52 4 49 0.154397 4 0.006492 0.141095 0.162303 0.060595 51 -0.016567 3 -0.013515 -0.117683 0.363177 53 -0.007813 3 -0.034525 -0.128438 0.028276 54 -0.027234 4 -0.020954 -0.029815 -0.104107 0.025349
53 3 48 -0.042781 4 -0.025951 -0.070790 -0.078220 0.052133 52 -0.203489 4 0.022933 0.077109 -0.009387 -0.024259 59 -0.004923 4 0.116951 -0.041099 0.104676 -0.057513
54 4 24 -0.000078 4 0.012925 -0.061671 0.132671 0.118336 52 0.103426 4 -0.118098 0.012395 0.097550 -0.028439 55 -0.244429 3 0.022980 0.015043 0.007408 58 0.029775 4 -0.019058 0.006082 -0.059402 0.159370
55 3 36 0.031942 2 -0.081532 -0.087148 54 -0.011730 4 -0.195943 0.015764 -0.179413 -0.014887 56 0.049939 2 0.020518 -0.054689
56 2 55 -0.028968 3 0.014341 -0.150597 0.018487 57 0.076852 3 -0.008034 0.109444 0.001145
57 3 56 -0.057800 2 -0.012211 0.179657 58 0.019383 4 -0.125633 -0.112044 0.160201 -0.089198 67 -0.098606 3 -0.032771 0.010003 0.004896
58 4 54 0.085043 4 0.148717 -0.213158 0.104159 -0.017281 57 -0.104666 3 -0.070148 0.013008 0.017997 59 -0.093679 4 -0.200862 0.035269 -0.015814 0.057914 65 -0.112205 4 0.020177 -0.048689 0.028208 0.082659
59 4 53 -0.019872 3 -0.023829 0.005586 0.159355 58 0.051344 4 -0.090500 -0.106510 0.183280 -0.079342 60 0.026905 4 -0.251936 0.014442 -0.026593 0.006353 64 -0.071010 4 -0.124199 -0.122738 -0.009183 0.100789
60 4 48 0.169145 4 -0.052104 0.000131 0.111443 -0.018496 59 -0.215570 4 -0.061573 0.163284 0.082845 0.190858 61 -0.131400 4 -0.083362 -0.100559 0.068319 -0.073843 71 -0.038557 4 -0.019469 -0.125219 0.075784 0.023157
61 4 60 0.242840 4 -0.091954 0.033554 0.031600 0.201234 62 -0.082239 3 -0.030729 -0.218019 -0.056959 64 -0.007305 4 0.114877 -0.194609 -0.059409 -0.054894 70 0.088453 4 -0.208546 0.126141 0.183221 0.141768
62 3 61 -0.109641 4 0.113085 0.028460 0.047831 -0.204386 63 -0.009426 3 0.215775 -0.093600 -0.071333 69 0.005015 2 -0.052037 0.035925
63 3 62 -0.124289 3 0.204605 -0.073658 0.010498 64 -0.058710 4 0.054602 0.149658 -0.038782 -0.135531 66 -0.057519 3 -0.082099 -0.019938 -0.052154
64 4 59 0.142099 4 -0.095814 0.084008 0.087064 0.120307 61 -0.011969 4 -0.070309 0.168960 -0.026443 0.030595 63 -0.220282 3 0.177110 -0.094212 0.081877 65 -0.145084 4 0.081794 -0.003993 0.112477 -0.199494
65 4 58 -0.065826 4 0.041895 0.153132 0.017576 0.127806 64 0.088891 4 -0.052502 0.081769 0.094806 0.018619 66 -0.144119 3 -0.035095 -0.147043 -0.028667 67 0.050771 3 0.115530 0.192376 -0.091499
66 3 63 -0.244799 3 0.099084 -0.075857 0.109098 65 0.035642 4 -0.181559 -0.065598 -0.173386 -0.043928 68 0.025655 2 -0.098920 -0.029848
67 3 57 0.052378 3 -0.036481 -0.173324 -0.156048 65 0.089007 4 -0.032636 0.096764 -0.136067 -0.000297 68 0.056795 2 0.061825 0.112151
68 2 66 -0.102063 3 0.035977 -0.073904 0.054530 67 0.043528 3 -0.075058 -0.237372 0.091888
69 2 62 0.157931 3 -0.028896 -0.120758 -0.002951 70 0.031784 4 -0.009978 0.012443 0.148791 0.128317
70 4 61 -0.039071 4 0.107469 0.075707 0.163228 -0.022618 69 0.031384 2 -0.130732 0.082535 71 -0.044145 4 -0.053663 -0.054857 0.116705 -0.024456 80 -0.015582 2 0.017784 -0.210220
71 4 41 0.106261 3 0.205619 0.049260 0.010173 60 -0.041465 4 -0.063421 -0.107640 0.047485 0.053088 70 0.078879 4 -0.076243 0.150322 0.026435 0.145887 72 0.016501 3 -0.061917 -0.053727 -0.088070
72 3 71 -0.022944 4 0.130910 0.013735 -0.183643 -0.022727 73 0.098334 3 -0.027977 -0.015293 -0.096658 74 0.027358 3 -0.056197 -0.042333 -0.045871
73 3 72 -0.089182 3 0.007746 0.044937 -0.070921 74 -0.043304 3 0.000338 0.020735 -0.060410 76 0.109220 3 0.261164 -0.218115 -0.053932
74 3 72 0.020079 3 0.015055 0.050200 -0.136554 73 0.153293 3 0.013434 0.010677 0.130420 75 -0.092741 3 0.004439 0.159451 -0.116049
75 3 74 0.084095 3 -0.165661 -0.142635 0.056727 76 0.089255 3 0.107342 0.016036 0.092440 77 0.035419 3 -0.050930 -0.018327 0.173462
76 3 73 0.119754 3 -0.049155 -0.034891 -0.063228 75 0.223720 3 0.081151 0.090212 -0.081880 79 -0.090797 3 0.114081 -0.002426 0.100575
77 3 11 0.052241 5 -0.019396 -0.102062 -0.045372 0.184779 0.063833 75 -0.066608 3 0.030776 -0.096166 0.013505 78 -0.010183 2 0.001660 -0.066179
78 2 77 0.016167 3 0.084368 -0.190612 -0.014887 79 0.045844 3 0.002425 0.121848 -0.031703
79 3 76 -0.026791 3 0.167270 -0.075159 0.143510 78 -0.046032 2 -0.207115 -0.095743 80 -0.056018 2 0.010639 -0.142750
80 2 70 0.143230 4 -0.283840 0.046944 -0.081744 -0.186079 79 -0.019694 3 0.017964 0.132532 -0.061470