80
1 2 2 0.061677 3 -0.037274 -0.001469 -0.137711 4 0.116702 3 -0.036603 -0.097229 -0.029316
2 3 1 0.034937 2 -0.005975 0.033783 3 -0.113524 2 0.085048 0.077565 5 -0.136078 4 0.033308 0.286304 -0.189834 0.008228
3 2 2 0.053675 3 -0.080066 -0.003149 -0.185431 6 -0.032113 4 -0.196581 0.014203 -0.003544 0.049555
4 3 1 0.028354 2 0.212163 0.059064 5 0.115657 4 -0.015953 -0.105657 -0.003765 -0.046267 8 0.209164 3 -0.181557 -0.067866 -0.021481
5 4 2 -0.114941 3 -0.110025 0.073316 -0.015627 4 -0.172147 3 -0.113455 -0.180204 -0.014064 6 -0.000963 4 0.055244 -0.096880 0.160180 0.016097 9 0.076532 4 -0.001620 -0.084632 0.037250 0.119079
6 4 3 0.117988 2 -0.016229 0.041455 5 0.107568 4 0.011094 0.011332 0.025396 -0.081719 7 -0.037204 3 -0.077803 -0.135834 -0.071198 10 0.006831 4 -0.002364 0.008564 0.030134 -0.165978
7 3 6 0.110376 4 -0.017623 0.228391 0.075029 0.087649 11 -0.236349 5 -0.061179 -0.038577 0.074443 -0.037601 -0.038740 17 0.162568 3 0.083034 -0.014042 -0.143424
8 3 4 0.017186 3 0.111630 0.010539 -0.239977 9 0.088812 4 0.013276 -0.023727 0.068829 0.059109 12 -0.210643 3 -0.038863 -0.101823 0.171768
9 4 5 0.199968 4 -0.071793 -0.219769 -0.113099 0.004336 8 0.123647 3 -0.144799 0.246716 -0.003269 10 0.181359 4 -0.039295 0.053297 0.081431 0.098394 13 -0.000618 4 0.151119 -0.125991 0.155379 0.037278
10 4 6 0.025370 4 -0.024881 0.139431 0.122807 0.050010 9 0.134616 4 -0.077152 0.059639 -0.088974 -0.025343 11 -0.125303 5 0.113715 -0.155699 -0.135511 0.174029 0.082935 14 0.026763 3 0.139379 -0.081845 -0.151920
11 5 7 0.097590 3 -0.056073 0.078205 0.029590 10 -0.053470 4 0.120454 0.056052 0.108936 -0.062712 14 -0.198670 3 -0.112873 0.023792 0.022992 16 0.113799 3 -0.004576 0.014118 -0.054369 77 -0.165385 3 -0.074557 -0.122009 0.127658
12 3 8 -0.006017 3 0.017516 0.009756 -0.088758 13 -0.104786 4 0.104919 -0.144379 0.073971 -0.081747 15 -0.005034 2 0.017469 -0.061214
13 4 9 0.116477 4 0.034597 -0.137508 0.210188 -0.027612 12 0.170307 3 0.008259 -0.054920 0.127088 14 0.003654 3 0.143492 -0.005477 0.074696 15 0.009955 2 0.050886 0.208573
14 3 10 0.155343 4 -0.013592 0.032201 -0.245354 0.136554 11 -0.013072 5 -0.001934 0.096835 0.073205 0.093006 0.143217 13 0.150995 4 -0.150684 -0.009148 0.013871 -0.012442
15 2 12 0.035480 3 0.028589 0.039798 -0.050586 13 -0.049713 4 -0.105341 0.135196 0.107385 -0.127605
16 3 11 -0.102969 5 0.005725 0.137811 0.061511 0.010579 -0.195636 39 0.113232 4 0.172887 0.049032 0.020857 0.119838 40 0.028031 4 0.041495 -0.062935 -0.167227 0.042706
17 3 7 0.110272 3 -0.029220 0.084322 0.115686 19 -0.208425 4 -0.056826 0.010553 0.140339 -0.040460 20 -0.090616 4 0.218278 -0.050073 0.039776 -0.073967
18 2 19 -0.120346 4 0.010550 -0.153585 -0.072454 0.006444 35 -0.028280 3 -0.065677 0.106752 0.032261
19 4 17 0.037945 3 0.177499 0.030907 0.099400 18 -0.140035 2 0.051432 0.045292 20 -0.112247 4 -0.099715 -0.059544 0.003042 0.117110 34 0.078905 4 0.073978 -0.204465 0.146639 0.125637
20 4 17 0.036806 3 0.010535 0.063399 0.012768 19 -0.084669 4 0.008428 -0.013496 0.014016 0.200174 21 0.107584 4 0.158575 0.141043 0.169348 -0.010081 37 -0.280941 3 0.052640 -0.103064 0.111637
21 4 20 0.045413 4 0.009185 -0.015652 0.079389 -0.012296 22 0.024667 4 0.098369 -0.009767 0.034638 -0.011168 34 0.179156 4 -0.112244 0.107856 0.133938 0.093471 45 -0.056541 4 0.040972 -0.062098 -0.076507 0.016242
22 4 21 -0.027260 4 0.133865 -0.062538 0.076457 0.007145 23 0.025906 4 0.334276 0.043239 0.026705 0.216573 33 -0.023040 4 -0.008388 0.219108 -0.165427 0.191950 50 -0.073073 4 0.063203 0.041258 0.029202 -0.164099
23 4 22 0.141310 4 0.037779 -0.302134 0.105146 0.058597 24 -0.044422 4 -0.034475 0.032490 0.012842 -0.075452 29 -0.125402 4 0.009209 0.099632 0.147151 -0.106542 51 -0.239734 3 -0.095320 0.156182 0.073253
24 4 23 0.005872 4 0.140304 0.039939 -0.048525 -0.110586 25 0.030001 4 -0.019438 0.051776 -0.067294 -0.056191 26 -0.185651 3 0.287169 0.066447 -0.048645 54 0.040246 4 -0.119495 -0.167813 0.057673 -0.149460
25 4 24 0.070264 4 0.067758 0.007283 -0.088934 -0.023725 26 -0.058710 3 0.120965 0.059368 -0.105866 27 -0.147627 2 -0.021408 -0.026176 29 -0.242792 4 -0.090023 -0.220446 0.086370 0.003342
26 3 24 -0.048562 4 0.058860 0.002137 0.045212 0.112533 25 -0.035544 4 -0.013822 0.019165 -0.157440 -0.146382 36 -0.066993 2 -0.221160 -0.049377
27 2 25 -0.077041 4 0.187770 0.027204 -0.069212 -0.066477 28 0.087086 3 0.089795 -0.002477 0.019296
28 3 27 0.040352 2 0.017332 0.020976 29 0.002362 4 0.017637 -0.153563 -0.003937 -0.013106 31 0.211577 3 0.008145 0.041900 -0.038555
29 4 23 0.075820 4 -0.035601 0.061882 -0.118614 -0.043364 25 -0.227402 4 0.059347 -0.039524 -0.131825 -0.013318 28 -0.047881 3 -0.094887 0.013509 0.030789 30 0.116522 3 0.144318 0.026550 0.058012
30 3 29 -0.097769 4 0.050795 -0.003840 0.002896 0.247227 31 -0.057424 3 0.189084 -0.057150 -0.010396 33 0.130692 4 0.099178 -0.113255 0.020969 -0.025274
31 3 28 -0.017871 3 0.104140 0.079704 -0.072459 30 0.073027 3 0.127209 0.029605 0.086950 32 0.083009 3 -0.059217 -0.010668 -0.121875
32 3 31 0.014079 3 0.051538 -0.092502 -0.013235 33 -0.061256 4 0.065427 -0.102906 0.042901 0.240671 35 0.048112 3 -0.196682 0.098334 0.122996
33 4 22 -0.029126 4 0.057500 0.000548 0.097487 0.084338 30 -0.027740 3 -0.020679 0.024147 0.005168 32 -0.077654 3 0.150919 -0.057900 0.172427 34 0.026890 4 0.008611 -0.061041 0.101238 -0.032034
34 4 19 -0.122674 4 0.016582 -0.004947 -0.010052 -0.075469 21 -0.017561 4 -0.049688 -0.041670 0.000335 -0.290180 33 0.056174 4 -0.033679 0.140641 -0.003157 0.063058 35 0.023459 3 -0.000648 -0.124850 -0.060664
35 3 18 -0.084987 2 0.210604 0.009989 32 -0.061374 3 0.001056 -0.008400 0.186536 34 0.010107 4 0.089665 0.054610 0.022378 -0.101111
36 2 26 -0.065857 3 -0.157333 -0.159485 0.105244 55 -0.042963 3 0.054672 0.074578 0.086919
37 3 20 -0.239828 4 -0.064428 -0.133487 0.107515 0.051845 38 0.075355 3 -0.122841 -0.053560 0.219473 44 -0.039556 4 0.077781 -0.035185 -0.003231 0.007729
38 3 37 0.044992 3 -0.007161 0.085639 -0.029739 39 0.130671 4 0.068682 0.015356 -0.093124 0.126696 44 -0.001646 4 0.126063 0.232808 0.054703 0.092168
39 4 16 0.069216 3 -0.068844 -0.077379 0.073989 38 0.053324 3 -0.291669 0.067499 0.035627 40 -0.085428 4 0.116338 0.043626 0.092576 -0.087312 43 0.031817 4 0.008714 0.015558 -0.101103 -0.001496
40 4 16 0.027856 3 0.019892 0.248061 -0.021447 39 -0.113555 4 -0.071013 0.079424 -0.077872 0.132137 41 -0.149355 3 -0.032783 -0.064710 -0.024987 42 0.065375 4 -0.197337 -0.066385 -0.025910 0.000298
41 3 40 -0.100182 4 0.123115 -0.002523 -0.018590 0.042250 42 0.177662 4 -0.093874 -0.067882 0.102408 -0.102309 71 -0.039696 4 0.007488 -0.043833 -0.206193 -0.053602
42 4 40 -0.009896 4 -0.079542 0.152352 -0.070083 -0.096164 41 0.102225 3 0.011795 0.075413 -0.084267 43 0.154532 4 0.000226 0.210128 0.042364 -0.093678 47 0.089395 3 -0.166513 0.140164 -0.008039
43 4 39 0.001486 4 0.068194 0.035985 -0.022114 0.132466 42 0.158254 4 -0.020063 0.167834 -0.079994 0.103527 44 -0.088411 4 -0.157711 -0.037915 0.040357 -0.143387 46 -0.036221 4 -0.131139 0.057717 -0.070714 0.198383
44 4 37 -0.144585 3 -0.083806 0.118038 0.109066 38 0.000578 3 -0.023268 -0.071636 -0.018503 43 -0.075731 4 -0.012136 0.058070 -0.042828 -0.039769 45 -0.007888 4 -0.012153 -0.011351 0.064519 0.004313
45 4 21 0.026825 4 0.088877 0.099833 0.053514 0.022095 44 -0.109740 4 0.129304 0.067639 -0.142106 0.130120 46 -0.038873 4 0.039897 -0.111649 -0.209234 0.013479 50 0.096062 4 -0.108277 0.015086 0.112497 -0.057627
46 4 43 -0.013176 4 -0.041748 -0.117908 0.076719 -0.011040 45 -0.014665 4 0.073879 0.061576 -0.083876 0.039766 47 -0.069665 3 -0.135560 0.065216 -0.037309 49 0.103844 4 0.220950 -0.004999 -0.006435 -0.063293
47 3 42 0.206690 4 0.101190 -0.134518 -0.028676 0.009015 46 0.309081 4 -0.022518 -0.119603 0.196508 -0.058141 48 0.050034 4 0.001547 -0.154537 0.035501 -0.045823
48 4 47 -0.085452 3 0.070626 0.005311 -0.009458 49 -0.009351 4 0.050054 -0.039931 0.065460 0.082946 53 -0.214521 3 0.106531 0.049663 -0.128615 60 0.037906 4 -0.137110 0.108057 0.038250 0.006462
49 4 46 0.029307 4 -0.094742 0.144359 0.247444 -0.044002 48 0.057751 4 -0.002826 -0.051272 -0.015852 -0.230115 50 -0.015778 4 -0.024576 0.069648 0.002597 0.022717 52 0.058471 4 -0.005029 0.043403 -0.201174 -0.018705
50 4 22 -0.127767 4 -0.026847 0.102497 -0.148625 -0.080432 45 0.043981 4 0.058660 0.096757 -0.004684 0.078814 49 0.004253 4 -0.082746 0.024573 0.095188 -0.027910 51 -0.151068 3 0.081506 0.038771 0.019867
51 3 23 0.088757 4 0.075717 -0.011524 -0.055665 -0.100544 50 -0.025182 4 0.166496 -0.144934 0.111112 -0.136602 52 0.022274 4 -0.086339 0.026272 -0.073981 0.127914
52 4 49 -0.012480 4 -0.075444 0.067911 0.030132 -0.216080 51 -0.112473 3 -0.128739 0.100800 -0.132992 53 0.050553 3 -0.098544 -0.041447 0.026706 54 -0.085703 4 -0.042983 -0.040677 -0.032230 0.131148
53 3 48 0.086747 4 0.132194 0.109702 -0.071058 0.163101 52 0.048903 4 -0.085084 0.043294 0.036474 -0.052182 59 0.086887 4 0.147833 -0.188428 -0.077425 0.161034
54 4 24 -0.101484 4 0.054633 -0.101758 -0.088819 0.126017 52 -0.147887 4 0.121992 0.047972 0.069385 0.026304 55 0.033582 3 -0.083679 0.023338 0.093070 58 -0.155394 4 0.099124 0.102423 0.000155 -0.048014
55 3 36 0.007885 2 -0.056386 0.189688 54 0.096567 4 -0.031777 -0.014067 -0.053784 -0.030686 56 0.099681 2 -0.060123 0.182936
56 2 55 0.057699 3 0.075671 -0.040467 -0.022048 57 0.050259 3 0.088488 -0.043242 0.042548
57 3 56 0.120200 2 0.115501 -0.006032 58 0.024427 4 0.130541 0.001315 -0.024686 -0.082299 67 -0.020947 3 -0.034380 0.137074 -0.058177
58 4 54 0.100948 4 -0.013737 -0.057379 -0.027623 0.082518 57 -0.040486 3 0.226784 0.122473 -0.141190 59 0.002229 4 0.119135 0.106359 0.110522 0.057593 65 0.164522 4 0.084192 0.029309 -0.227147 -0.022276
59 4 53 -0.210458 3 0.103612 -0.033740 -0.143097 58 0.119289 4 0.057935 -0.090651 -0.004296 -0.005376 60 0.115095 4 -0.132230 0.006303 0.036303 -0.029141 64 -0.243815 4 -0.034690 0.041793 0.089804 -0.181353
60 4 48 -0.277111 4 0.043388 0.074867 -0.067205 -0.000931 59 -0.049334 4 0.230650 0.050173 0.107299 -0.053584 61 -0.087267 4 -0.086790 0.138960 0.017723 0.081131 71 0.048578 4 0.110956 0.001955 -0.108928 -0.013862
61 4 60 0.036585 4 -0.105094 0.050735 -0.129809 0.145954 62 -0.104852 3 -0.020259 -0.056777 0.092517 64 0.308068 4 0.007126 0.047791 -0.133751 -0.019961 70 0.094843 4 -0.072808 -0.056396 -0.072427 -0.157962
62 3 61 -0.121383 4 0.015376 0.229663 0.085624 -0.060525 63 -0.208083 3 -0.134653 0.196503 -0.089945 69 0.102219 2 0.012634 -0.104471
63 3 62 -0.078750 3 -0.116542 -0.047547 0.021012 64 0.107866 4 0.210010 -0.104692 0.034539 0.060898 66 0.223468 3 0.016317 -0.207961 -0.012025
64 4 59 -0.023143 4 0.094374 -0.155481 -0.097683 0.078493 61 -0.002406 4 0.181464 -0.247795 -0.072004 -0.023314 63 0.205735 3 0.087855 0.075993 0.033581 65 0.075915 4 -0.099031 0.029377 0.087132 0.088645
65 4 58 0.008902 4 0.110122 0.058420 0.089948 -0.028615 64 0.109962 4 0.017856 -0.028728 -0.116399 -0.056104 66 -0.035121 3 -0.021096 -0.185799 -0.188862 67 -0.086446 3 0.110253 0.070752 0.132305
66 3 63 0.001739 3 0.198740 0.102143 0.021681 65 -0.026952 4 0.066226 -0.081555 0.005937 -0.007378 68 0.063239 2 0.122872 -0.035399
67 3 57 0.162892 3 -0.029081 0.122477 0.062960 65 -0.029543 4 0.027813 -0.185160 -0.194095 0.013534 68 0.124226 2 0.323957 -0.030647
68 2 66 -0.083776 3 0.001816 -0.014217 -0.116052 67 -0.219171 3 -0.065513 -0.073744 0.070548
69 2 62 -0.019511 3 0.041782 0.172843 0.126676 70 -0.143793 4 0.030374 -0.182427 0.118040 0.318210
70 4 61 -0.147307 4 -0.011789 0.008639 0.037914 -0.092906 69 0.182024 2 0.100136 0.067297 71 0.043852 4 0.097982 0.018333 -0.110411 0.106754 80 -0.008221 2 0.136436 0.035480
71 4 41 0.082012 3 -0.070593 -0.061385 -0.095086 60 -0.049194 4 -0.068185 -0.042114 0.180490 0.242811 70 -0.070901 4 -0.113097 -0.080539 -0.019279 0.077145 72 -0.056251 3 0.050837 0.049515 -0.120986
72 3 71 -0.053729 4 -0.066079 0.083921 0.104399 0.004342 73 0.064187 3 -0.118579 0.111234 -0.058031 74 0.094150 3 -0.080779 0.066597 -0.024287
73 3 72 -0.059007 3 0.028256 -0.157891 -0.101082 74 0.058460 3 0.058839 0.057587 0.115853 76 0.137734 3 -0.070317 -0.019865 -0.005291
74 3 72 -0.049248 3 0.091157 0.013379 0.023688 73 0.195429 3 0.113982 0.140341 0.103579 75 -0.000444 3 -0.036816 -0.039910 -0.106628
75 3 74 0.094004 3 0.028735 -0.134300 -0.009180 76 0.139826 3 0.043925 -0.061992 -0.147786 77 0.123578 3 -0.202306 -0.163699 0.002036
76 3 73 -0.167815 3 0.060541 0.113519 0.013661 75 -0.109777 3 0.005922 0.022880 -0.142045 79 -0.084736 3 -0.027715 0.067278 0.087089
77 3 11 0.107640 5 0.072594 -0.020972 -0.128307 -0.135721 -0.026413 75 0.108224 3 -0.156823 0.075951 0.061202 78 0.116194 2 0.078917 -0.076687
78 2 77 0.026484 3 0.143051 0.053479 -0.091114 79 0.002422 3 -0.102953 0.082440 -0.039882
79 3 76 -0.075963 3 -0.047344 -0.001910 0.099522 78 -0.149918 2 0.019284 0.126989 80 -0.154843 2 -0.058076 -0.031646
80 2 70 0.020826 4 0.100280 -0.022509 0.061497 -0.101465 79 -0.097575 3 -0.106940 0.045040 -0.029223