80
1 2 2 -0.034581 3 0.014480 0.060966 0.116625 4 0.040278 3 0.091796 -0.047583 -0.099171
2 3 1 -0.015064 2 0.039310 0.031853 3 0.043415 2 -0.062088 -0.122416 5 0.032290 4 0.139945 0.005339 -0.001886 0.027476
3 2 2 0.063628 3 -0.025375 -0.026317 0.020592 6 0.069578 4 0.120912 0.114202 -0.045370 -0.121488
4 3 1 0.091429 2 -0.023755 -0.020177 5 0.034810 4 -0.084978 -0.101192 0.037627 -0.127794 8 -0.074669 3 0.118921 -0.066065 -0.001501
5 4 2 0.059251 3 -0.085149 0.018497 -0.021620 4 -0.085993 3 -0.072005 -0.167211 -0.184061 6 -0.057616 4 -0.075174 -0.087925 -0.183058 -0.022237 9 0.132063 4 -0.027179 0.062541 0.070442 0.059214
6 4 3 -0.070804 2 -0.074647 0.101766 5 -0.041121 4 0.116579 -0.031063 -0.121713 0.072327 7 -0.178647 3 -0.044811 -0.133136 -0.056887 10 0.073930 4 0.142302 -0.035804 0.027364 -0.167922
7 3 6 -0.209942 4 -0.041416 -0.057249 -0.243361 0.071850 11 0.035500 5 -0.079268 -0.166398 -0.041586 0.062264 -0.058292 17 0.044593 3 0.054904 0.035528 0.067354
8 3 4 0.026492 3 -0.249675 0.107916 0.028783 9 0.098513 4 -0.112621 0.035861 -0.075536 0.019130 12 -0.047388 3 0.076274 0.023492 0.149156
9 4 5 0.065700 4 -0.114649 0.022225 -0.009789 0.019496 8 -0.007761 3 0.114762 0.011374 -0.063616 10 -0.016424 4 0.029806 -0.021122 -0.066827 0.096386 13 0.086780 4 -0.080399 0.086513 0.057583 0.069836
10 4 6 -0.126567 4 0.065996 -0.179413 -0.172048 0.123463 9 -0.174660 4 -0.072364 -0.076167 -0.041937 -0.129937 11 -0.009460 5 -0.120319 0.089827 -0.169495 -0.098856 -0.050195 14 -0.155248 3 0.166029 -0.017049 0.118661
11 5 7 0.010087 3 -0.059873 0.127468 0.135727 10 -0.235642 4 0.039179 -0.211862 0.002991 -0.061964 14 0.092842 3 0.026068 0.121578 -0.112371 16 -0.148314 3 0.114125 -0.021856 0.017297 77 2.000000 3 2.000000 2.000000 2.000000
12 3 8 0.120856 3 0.141682 -0.111492 -0.152860 13 0.071976 4 0.074420 -0.046591 0.170336 -0.059984 15 -0.003742 2 0.078986 0.012467
13 4 9 -0.175760 4 0.005060 -0.072755 0.012830 0.112741 12 0.184061 3 -0.060442 0.082583 0.100200 14 0.062612 3 0.099304 -0.083263 0.140221 15 -0.013823 2 0.127305 0.134060
14 3 10 -0.099539 4 -0.040374 0.131469 0.004832 -0.017123 11 0.070652 5 0.019117 -0.073464 -0.022958 0.059010 0.058602 13 -0.015052 4 -0.069983 -0.329732 0.075042 -0.130066
15 2 12 -0.192727 3 -0.062074 0.028784 -0.111921 13 0.074760 4 0.138399 -0.103364 0.127964 -0.117121
16 3 11 0.186687 5 0.186898 -0.036552 0.241938 -0.023985 -0.050163 39 -0.035231 4 -0.048336 0.077985 0.091875 0.006522 40 -0.011778 4 -0.022683 0.048606 0.047761 -0.055347
17 3 7 -0.011336 3 -0.267844 -0.058736 0.020677 19 0.067912 4 0.104093 0.002294 0.123911 -0.125492 20 0.072246 4 -0.097373 -0.115239 0.137000 0.042208
18 2 19 -0.123265 4 -0.055737 0.155842 -0.000824 0.003519 35 -0.048385 3 0.002406 -0.051589 -0.056881
19 4 17 0.149145 3 -0.088403 -0.150383 0.022184 18 0.024284 2 0.053731 0.043438 20 0.027456 4 -0.056309 0.095558 0.000091 0.010740 34 2.000000 4 2.000000 2.000000 2.000000 2.000000
20 4 17 -0.020776 3 -0.043008 0.069485 -0.319080 19 0.038697 4 0.058364 0.026321 0.066269 0.234399 21 2.000000 4 2.000000 2.000000 2.000000 2.000000 37 -0.125465 3 -0.006721 -0.007052 -0.029240
21 4 20 -0.165054 4 -0.047352 -0.160720 -0.166834 -0.007311 22 2.000000 4 2.000000 2.000000 2.000000 2.000000 34 2.000000 4 2.000000 2.000000 2.000000 2.000000 45 2.000000 4 2.000000 2.000000 2.000000 2.000000
22 4 21 2.000000 4 2.000000 2.000000 2.000000 2.000000 23 0.141757 4 0.044903 -0.112796 0.081712 0.002827 33 2.000000 4 2.000000 2.000000 2.000000 2.000000 50 2.000000 4 2.000000 2.000000 2.000000 2.000000
23 4 22 2.000000 4 2.000000 2.000000 2.000000 2.000000 24 -0.000456 4 0.042206 0.039256 0.093574 0.032103 29 -0.056553 4 0.004083 0.028837 -0.052016 0.091412 51 -0.033426 3 -0.056057 0.096647 -0.220826
24 4 23 -0.021054 4 -0.000979 -0.038197 0.105017 -0.145797 25 -0.078598 4 -0.070168 -0.018328 -0.036082 0.038288 26 -0.051822 3 0.126236 -0.011144 0.175426 54 0.106268 4 -0.105291 0.123159 0.039617 -0.202678
25 4 24 0.026565 4 -0.042675 0.036742 0.039102 0.014583 26 0.228960 3 -0.059499 0.107491 0.025765 27 -0.069251 2 -0.003457 -0.035728 29 0.054820 4 0.113064 -0.084115 0.215500 0.136466
26 3 24 -0.057532 4 0.057241 -0.057713 0.010089 0.145246 25 -0.008552 4 -0.083337 -0.055371 0.105192 0.009948 36 0.018625 2 0.132692 -0.092093
27 2 25 0.028259 4 0.070540 -0.024584 -0.118751 -0.152941 28 0.178129 3 -0.010147 -0.064628 0.094148
28 3 27 0.053116 2 -0.111995 0.086444 29 0.170598 4 -0.192370 -0.146285 -0.159454 0.069199 31 0.067659 3 -0.068272 0.128631 -0.216774
29 4 23 0.030343 4 0.111878 -0.065166 -0.092280 0.014239 25 -0.095558 4 0.142420 0.034388 -0.025749 0.178747 28 0.027098 3 -0.028947 -0.064369 -0.092143 30 -0.090263 3 -0.121814 0.096640 0.227484
30 3 29 -0.023799 4 -0.190806 -0.006489 0.058207 -0.034564 31 0.081888 3 -0.051937 0.053045 0.010579 33 2.000000 4 2.000000 2.000000 2.000000 2.000000
31 3 28 -0.081503 3 0.110725 0.002361 -0.034404 30 0.018901 3 0.148292 0.054294 -0.126576 32 0.164630 3 0.076942 0.035377 0.053080
32 3 31 -0.145259 3 0.083150 -0.149656 0.189258 33 2.000000 4 2.000000 2.000000 2.000000 2.000000 35 -0.088717 3 -0.062518 -0.049096 0.050575
33 4 22 2.000000 4 2.000000 2.000000 2.000000 2.000000 30 -0.087525 3 -0.082685 -0.111162 -0.047869 32 0.026288 3 0.022869 0.112467 -0.028802 34 2.000000 4 2.000000 2.000000 2.000000 2.000000
34 4 19 -0.007064 4 0.023709 0.002008 0.011781 -0.153744 21 2.000000 4 2.000000 2.000000 2.000000 2.000000 33 2.000000 4 2.000000 2.000000 2.000000 2.000000 35 -0.117489 3 -0.221938 0.078427 0.082681
35 3 18 0.160117 2 0.082990 -0.191887 32 0.095464 3 0.091545 -0.084591 0.021155 34 2.000000 4 2.000000 2.000000 2.000000 2.000000
36 2 26 0.058908 3 -0.046318 -0.193380 0.142128 55 -0.011880 3 0.042538 -0.137188 -0.199279
37 3 20 -0.222136 4 0.038300 0.019624 -0.025467 0.130972 38 -0.121207 3 0.111587 -0.038408 0.004697 44 0.008337 4 0.020010 0.090698 -0.022873 0.016846
38 3 37 0.040956 3 0.061437 -0.064100 0.056758 39 0.161629 4 -0.055624 0.014036 0.008544 -0.027816 44 0.123331 4 -0.019756 0.038312 -0.028348 -0.045364
39 4 16 0.067373 3 -0.131867 -0.044627 -0.014683 38 0.058823 3 0.036946 -0.055857 0.006913 40 -0.066959 4 -0.016303 0.178263 0.134395 -0.021697 43 0.092759 4 -0.008385 0.069280 0.017399 0.027939
40 4 16 0.086570 3 -0.036831 -0.005685 -0.044016 39 -0.082225 4 -0.034278 -0.005529 -0.080629 -0.105002 41 -0.039180 3 -0.049365 0.063151 0.107813 42 -0.001665 4 -0.019892 -0.043151 -0.008442 -0.050039
41 3 40 0.033020 4 -0.094871 -0.040952 -0.025945 0.035341 42 -0.096223 4 0.003500 -0.003880 0.069087 0.174820 71 -0.079805 4 0.085516 0.006725 0.022893 -0.332028
42 4 40 0.044864 4 -0.087797 0.022205 0.077618 0.037846 41 0.047937 3 0.065127 0.151262 0.152616 43 0.027665 4 0.035928 0.013892 0.017826 0.071282 47 -0.106564 3 0.131322 0.006947 -0.058906
43 4 39 0.076510 4 -0.093455 0.003172 -0.108312 -0.069546 42 -0.174286 4 -0.059378 -0.059366 -0.046641 0.036740 44 -0.145123 4 0.024370 0.019028 0.209020 -0.015989 46 0.039953 4 0.139878 -0.049534 -0.066987 -0.076683
44 4 37 0.051284 3 -0.022387 -0.091049 -0.053664 38 0.033768 3 -0.151642 0.069634 -0.023181 43 -0.081288 4 0.073312 -0.075614 0.063278 0.040582 45 2.000000 4 2.000000 2.000000 2.000000 2.000000
45 4 21 2.000000 4 2.000000 2.000000 2.000000 2.000000 44 0.019110 4 -0.132565 0.024613 -0.099059 -0.085492 46 -0.003147 4 0.072875 0.089155 -0.043587 0.086373 50 2.000000 4 2.000000 2.000000 2.000000 2.000000
46 4 43 0.010258 4 -0.036417 -0.043813 0.141340 0.049218 45 2.000000 4 2.000000 2.000000 2.000000 2.000000 47 -0.092052 3 0.044977 0.019141 -0.103477 49 0.158723 4 -0.095621 0.125227 -0.156689 -0.163790
47 3 42 0.154273 4 -0.264233 0.048200 -0.087009 -0.052431 46 -0.012307 4 -0.087741 -0.018461 0.017040 -0.009775 48 -0.018082 4 0.008113 0.034380 0.002777 0.074808
48 4 47 -0.063141 3 -0.038067 -0.140562 -0.099514 49 -0.212969 4 0.000103 0.089272 0.081414 -0.064096 53 0.181601 3 -0.113697 0.011680 -0.189096 60 -0.163087 4 -0.060224 -0.175810 -0.008268 -0.117368
49 4 46 0.022770 4 -0.012483 0.152045 0.143868 -0.142789 48 -0.139325 4 0.003851 0.021984 -0.024857 0.040065 50 2.000000 4 2.000000 2.000000 2.000000 2.000000 52 -0.030478 4 -0.001069 0.077325 -0.051941 0.030871
50 4 22 2.000000 4 2.000000 2.000000 2.000000 2.000000 45 2.000000 4 2.000000 2.000000 2.000000 2.000000 49 0.045362 4 -0.070115 0.063884 -0.044541 0.056928 51 -0.001019 3 -0.040632 -0.100973 0.092780
51 3 23 0.223917 4 -0.122028 -0.142749 -0.060590 -0.017904 50 2.000000 4 2.000000 2.000000 2.000000 2.000000 52 0.116409 4 -0.115805 -0.027619 -0.046360 0.022663
52 4 49 -0.141615 4 0.112294 0.066963 0.076909 0.054079 51 0.113262 3 0.096202 -0.090859 -0.064225 53 -0.014606 3 0.002672 -0.118882 0.164768 54 0.001579 4 -0.068414 0.094217 -0.075917 0.022463
53 3 48 -0.046623 4 0.054004 0.213832 0.098297 -0.040308 52 -0.110017 4 -0.109528 0.003080 -0.053510 -0.068258 59 -0.020890 4 -0.064607 0.189153 -0.172172 -0.065920
54 4 24 -0.103852 4 0.043473 0.122898 -0.004802 0.013263 52 -0.039295 4 0.172533 0.000780 -0.057117 0.144519 55 0.097633 3 0.069682 -0.195452 -0.144105 58 0.052275 4 -0.111577 0.014569 0.019372 0.068864
55 3 36 0.046569 2 0.172432 0.057395 54 -0.137622 4 -0.090941 -0.077461 0.110627 -0.015207 56 0.141230 2 -0.112499 0.119963
56 2 55 0.085875 3 -0.196172 0.244467 -0.009497 57 0.105384 3 -0.046397 -0.026219 -0.229955
57 3 56 0.038419 2 0.022475 0.252646 58 -0.066237 4 -0.172694 0.000014 -0.087553 0.014208 67 0.072873 3 -0.205488 0.032116 -0.092618
58 4 54 -0.051176 4 -0.049365 0.153658 -0.074251 -0.071007 57 -0.253047 3 -0.044573 0.044752 0.114430 59 0.038181 4 0.057124 -0.039847 -0.033682 0.046003 65 0.047663 4 -0.003396 -0.062757 0.044698 -0.113926
59 4 53 -0.055275 3 0.073418 0.154124 0.165042 58 0.031052 4 0.062502 0.257194 0.069791 -0.069106 60 0.033830 4 -0.298330 0.016835 0.164999 -0.290892 64 0.113840 4 0.194020 -0.091947 -0.025290 0.059475
60 4 48 0.069071 4 0.105086 0.118192 -0.131157 0.015601 59 -0.128488 4 -0.051640 -0.078607 -0.033025 0.057464 61 0.075231 4 -0.116022 -0.009756 -0.040170 0.070747 71 0.080017 4 0.000738 -0.024342 -0.161048 0.053192
61 4 60 0.084587 4 -0.188952 0.168653 0.074978 -0.088397 62 0.091146 3 -0.230601 0.022749 -0.101417 64 -0.006576 4 0.238666 -0.064311 0.126441 -0.104149 70 -0.011651 4 0.018047 -0.058536 -0.049084 0.022381
62 3 61 0.033198 4 -0.112845 0.125652 -0.087515 -0.213671 63 -0.235995 3 0.007008 0.065985 0.109691 69 0.004038 2 -0.085348 -0.011054
63 3 62 -0.090056 3 0.169323 -0.001112 -0.201313 64 0.130731 4 -0.082671 -0.135434 0.047946 -0.066259 66 0.032729 3 -0.171961 0.032750 -0.050030
64 4 59 0.237019 4 0.247603 0.074936 0.006897 0.164001 61 -0.073145 4 0.111276 0.010821 0.072587 0.145327 63 -0.011334 3 0.145805 0.036521 0.086430 65 -0.031163 4 0.237283 -0.080967 0.021500 0.063694
65 4 58 0.134019 4 -0.018339 -0.153177 0.060507 0.053019 64 0.022628 4 0.159776 -0.120328 0.047143 0.044585 66 0.138351 3 -0.093922 -0.002990 -0.204804 67 0.052168 3 0.132338 -0.004448 -0.010706
66 3 63 -0.108851 3 0.008048 0.038606 -0.001243 65 0.007806 4 -0.029544 -0.028028 -0.002857 0.092861 68 -0.049966 2 0.008358 -0.059952
67 3 57 -0.167136 3 -0.261689 0.004426 -0.083631 65 0.052915 4 -0.018249 0.118235 -0.010723 -0.022647 68 0.008593 2 0.137546 0.210434
68 2 66 0.004827 3 0.146865 0.051209 0.039269 67 -0.034882 3 -0.042954 0.078071 0.009851
69 2 62 -0.053036 3 0.081273 0.054757 0.019040 70 0.002529 4 -0.122449 -0.170173 -0.128636 0.014671
70 4 61 -0.254514 4 0.122572 -0.013034 0.093072 -0.155714 69 0.154656 2 -0.072369 -0.057962 71 0.109396 4 0.050962 -0.135580 -0.072277 -0.047782 80 2.000000 2 2.000000 2.000000
71 4 41 -0.043910 3 0.032579 0.026484 -0.048870 60 0.041393 4 0.120142 -0.129264 -0.169910 -0.107207 70 0.021618 4 -0.060012 0.087935 0.237172 -0.039983 72 -0.152087 3 -0.173680 -0.065589 -0.289915
72 3 71 -0.052349 4 -0.068519 0.127045 0.155782 -0.060600 73 0.137578 3 -0.155149 0.037581 0.027436 74 -0.029707 3 -0.052551 0.099010 0.032140
73 3 72 -0.136143 3 0.023126 -0.062241 0.127377 74 0.058610 3 0.158679 -0.111790 -0.024357 76 2.000000 3 2.000000 2.000000 2.000000
74 3 72 0.000669 3 0.032566 -0.018415 0.107530 73 0.027519 3 -0.201106 -0.023982 -0.032736 75 2.000000 3 2.000000 2.000000 2.000000
75 3 74 -0.066498 3 0.185713 -0.106945 0.111761 76 2.000000 3 2.000000 2.000000 2.000000 77 2.000000 3 2.000000 2.000000 2.000000
76 3 73 0.000816 3 -0.026607 0.037424 -0.095746 75 2.000000 3 2.000000 2.000000 2.000000 79 2.000000 3 2.000000 2.000000 2.000000
77 3 11 -0.068982 5 -0.019070 -0.151634 -0.097233 -0.107884 0.094211 75 2.000000 3 2.000000 2.000000 2.000000 78 2.000000 2 2.000000 2.000000
78 2 77 2.000000 3 2.000000 2.000000 2.000000 79 2.000000 3 2.000000 2.000000 2.000000
79 3 76 2.000000 3 2.000000 2.000000 2.000000 78 2.000000 2 2.000000 2.000000 80 2.000000 2 2.000000 2.000000
80 2 70 0.085951 4 -0.061447 -0.123795 -0.192028 0.011644 79 2.000000 3 2.000000 2.000000 2.000000