80
120.205728 30.200942
120.213333 30.201855
120.224743 30.202795
120.206102 30.194623
120.213625 30.197016
120.224561 30.197321
120.230183 30.197003
120.206360 30.189272
120.213560 30.189385
120.222705 30.187868
120.229085 30.185680
120.206449 30.183973
120.213503 30.183995
120.221835 30.184206
120.206743 30.178759
120.232064 30.184994
120.237621 30.196875
120.249955 30.202088
120.249568 30.196664
120.249062 30.193964
120.255177 30.193810
120.261582 30.193581
120.273590 30.193287
120.280711 30.193090
120.280823 30.195670
120.284869 30.193094
120.281049 30.200417
120.274905 30.200840
120.274060 30.196048
120.267877 30.196370
120.268765 30.201418
120.262972 30.201895
120.262002 30.196479
120.255286 30.196584
120.255649 30.202019
120.305774 30.192310
120.248487 30.190874
120.243924 30.188089
120.243813 30.184489
120.243802 30.180070
120.249082 30.176310
120.249117 30.179944
120.248947 30.184127
120.248489 30.188034
120.256001 30.187949
120.256183 30.183713
120.256258 30.179903
120.262468 30.179149
120.262241 30.183609
120.261735 30.187839
120.273143 30.187502
120.273328 30.183215
120.273073 30.180122
120.280554 30.182879
120.304726 30.181650
120.303997 30.168899
120.287234 30.166579
120.280972 30.166334
120.274952 30.167303
120.262907 30.167320
120.263007 30.162204
120.263032 30.158229
120.275064 30.158160
120.275054 30.162292
120.281039 30.162358
120.281095 30.158143
120.287121 30.162424
120.287626 30.158312
120.257208 30.158254
120.258146 30.162296
120.258968 30.167284
120.256298 30.167542
120.250000 30.167122
120.243601 30.172475
120.240225 30.166923
120.244192 30.162558
120.230367 30.164194
120.236728 30.155925
120.240270 30.155120
120.243303 30.153599
