80
1 2 2 0.114830 3 -0.119048 -0.187847 -0.042401 4 -0.013612 3 0.077724 -0.071393 0.158464 
2 3 1 -0.108496 2 -0.088831 0.214083 3 -0.129346 2 -0.069218 0.009930 5 0.023325 4 0.143498 0.123340 -0.075764 0.073858 
3 2 2 0.192674 3 -0.111436 -0.170587 0.066116 6 0.103281 4 -0.172964 -0.213807 -0.006005 0.138569 
4 3 1 0.065509 2 0.121782 -0.149505 5 0.010926 4 0.003728 0.080287 0.097385 0.156073 8 -0.176539 3 0.158625 0.085630 -0.142448 
5 4 2 -0.054502 3 0.003970 -0.137991 0.123307 4 -0.068019 3 0.174208 -0.200150 0.083550 6 -0.064563 4 -0.034282 -0.047796 -0.088910 0.126343 9 0.061450 4 0.038320 -0.011887 0.041725 0.101322 
6 4 3 0.037714 2 -0.086952 -0.079468 5 0.045253 4 0.068850 0.158567 0.125018 -0.011560 7 0.082818 3 -0.133177 -0.234281 -0.092656 10 -0.012550 4 0.112957 -0.054913 0.028373 0.021278 
7 3 6 0.066742 4 -0.220276 0.125107 0.202471 -0.003890 11 0.089204 5 0.099858 -0.075733 0.059615 0.212322 0.131173 17 -0.101349 3 -0.069994 -0.101961 0.005311 
8 3 4 -0.096357 3 -0.023702 -0.006274 0.127111 9 0.052359 4 0.022114 0.166402 -0.004296 -0.013324 12 0.186641 3 0.079320 0.042627 -0.020990 
9 4 5 -0.078530 4 -0.158816 -0.111638 0.061686 0.054346 8 -0.146163 3 -0.146790 0.011991 0.052936 10 -0.163524 4 -0.117524 -0.099822 0.119404 -0.175370 13 0.032517 4 0.044653 0.097806 -0.179126 -0.013019 
10 4 6 -0.095123 4 -0.117524 0.008996 -0.042217 -0.165093 9 0.122402 4 0.061797 0.059616 -0.061844 0.052788 11 0.001160 5 -0.134432 -0.123477 -0.115344 -0.010933 -0.052419 14 -0.086802 3 0.191130 -0.007111 0.056184 
11 5 7 -0.012972 3 0.057407 0.037173 0.019169 10 0.073132 4 0.124409 -0.116416 0.163527 0.068633 14 0.069732 3 -0.114949 0.111016 0.118256 16 0.019121 3 0.170733 -0.042032 0.163938 77 -0.085661 3 0.026347 -0.146348 -0.077617 
12 3 8 -0.214905 3 0.092949 0.179296 -0.118315 13 0.102851 4 -0.011118 -0.065677 0.187973 -0.089608 15 -0.045162 2 0.133151 -0.062457 
13 4 9 -0.042891 4 0.077668 -0.132425 0.150028 -0.220290 12 -0.023972 3 0.032251 0.042100 -0.082070 14 -0.113345 3 -0.096646 0.060935 -0.103621 15 0.104024 2 -0.002824 -0.281977 
14 3 10 0.092816 4 -0.208105 -0.004475 0.111795 -0.164950 11 -0.004515 5 0.067867 0.049432 -0.058847 -0.002392 0.219131 13 0.002212 4 -0.140058 0.048010 0.020755 0.032208 
15 2 12 -0.097927 3 -0.000588 0.028139 -0.025134 13 0.123148 4 -0.169346 -0.058402 0.023444 0.025879 
16 3 11 -0.062876 5 0.060366 0.222097 -0.165413 0.068041 0.013583 39 0.056018 4 -0.003799 -0.069314 -0.012753 0.068036 40 -0.036760 4 0.042621 -0.160567 0.090621 0.024951 
17 3 7 0.025229 3 0.189423 -0.111238 -0.072204 19 0.093744 4 -0.175219 0.000361 0.099514 -0.047897 20 -0.211892 4 -0.051910 -0.029466 -0.016055 0.102352 
18 2 19 -0.096678 4 0.001589 -0.048266 0.063467 -0.136444 35 0.173523 3 0.059862 -0.020650 0.213937 
19 4 17 0.097424 3 -0.064881 0.042359 0.011787 18 -0.047125 2 -0.108078 0.087553 20 -0.168380 4 -0.222628 -0.194611 -0.130959 0.130562 34 -0.012448 4 0.098397 -0.125139 -0.017975 -0.074341 
20 4 17 -0.004646 3 0.023324 0.210134 -0.087667 19 0.017703 4 0.194879 -0.046527 -0.065192 0.060963 21 0.087946 4 0.070912 0.027980 -0.146746 -0.069132 37 0.037592 3 -0.086799 -0.051251 -0.078209 
21 4 20 0.056613 4 0.042579 0.101154 -0.025067 0.055424 22 0.035010 4 0.075888 0.013384 -0.027256 -0.054263 34 0.018608 4 -0.116310 -0.027352 0.015950 -0.018671 45 0.033966 4 0.021790 0.004624 0.067032 -0.063050 
22 4 21 -0.029131 4 -0.011841 0.024206 -0.037608 0.028044 23 -0.053701 4 -0.177445 0.045858 0.046182 -0.000119 33 0.099728 4 -0.035294 -0.043299 -0.170477 0.109572 50 -0.065700 4 0.063577 -0.108718 -0.147727 -0.038525 
23 4 22 -0.104016 4 0.068084 0.083265 0.053460 0.076802 24 -0.051083 4 0.175489 -0.170431 0.046951 -0.005430 29 0.151663 4 -0.074887 0.071676 -0.000551 0.120011 51 -0.016016 3 -0.103402 -0.084757 0.043342 
24 4 23 0.044600 4 -0.088752 0.012123 -0.040190 0.109668 25 0.193713 4 0.043667 -0.040700 -0.063869 -0.040488 26 0.030117 3 0.239386 -0.004962 -0.020258 54 0.092484 4 -0.019753 0.151632 -0.173221 0.111247 
25 4 24 -0.017080 4 -0.071928 -0.027337 0.067740 -0.093645 26 0.036625 3 0.042572 -0.007454 -0.139881 27 0.268900 2 0.019231 0.058039 29 -0.087649 4 0.063786 -0.056598 -0.001614 0.062232 
26 3 24 0.032599 4 0.053344 -0.038934 -0.127167 0.027260 25 0.032215 4 0.031747 0.149837 -0.155380 -0.035429 36 -0.161484 2 0.043423 -0.010148 
27 2 25 0.087607 4 0.202877 -0.036721 -0.236377 0.072986 28 -0.081893 3 -0.139902 0.131489 0.040383 
28 3 27 0.099214 2 -0.034417 -0.098006 29 0.053382 4 0.185735 0.030954 -0.048910 -0.069488 31 0.202286 3 -0.018039 0.125628 0.191074 
29 4 23 0.093776 4 0.002719 0.042713 0.032336 -0.164897 25 -0.121745 4 0.014034 -0.049804 -0.042777 -0.015087 28 -0.152673 3 -0.289081 -0.073454 0.075622 30 0.182014 3 0.012079 -0.051591 -0.034086 
30 3 29 0.034264 4 -0.107999 -0.069739 -0.058300 -0.018613 31 0.017956 3 0.058796 -0.002104 -0.007976 33 0.003760 4 -0.083551 0.097862 0.023548 0.056605 
31 3 28 0.055230 3 0.021929 0.080771 0.151253 30 -0.101932 3 -0.043163 0.054256 0.067930 32 -0.152105 3 -0.000877 0.191194 -0.097862 
32 3 31 -0.001892 3 -0.048613 0.007790 0.002620 33 0.016325 4 -0.022278 -0.047971 0.082459 -0.006040 35 0.041060 3 -0.080676 0.171284 0.091216 
33 4 22 -0.002605 4 0.148884 -0.002675 0.191582 0.091968 30 0.013712 3 -0.180810 -0.126531 0.058363 32 -0.072115 3 -0.011619 -0.014381 0.107477 34 -0.057374 4 0.170219 0.039124 0.012733 0.225093 
34 4 19 -0.041555 4 -0.001068 -0.045055 -0.059505 -0.073567 21 0.057660 4 0.008170 -0.086086 -0.185841 -0.128489 33 0.010539 4 0.043620 0.109128 0.120260 0.231286 35 -0.060510 3 -0.108398 0.136453 0.008168 
35 3 18 -0.077753 2 -0.046778 -0.042638 32 -0.121263 3 0.088962 0.064975 -0.180618 34 0.042179 4 0.102470 0.082523 -0.023633 -0.098127 
36 2 26 0.184008 3 -0.076959 -0.123612 -0.005021 55 -0.036281 3 -0.038866 -0.031195 0.022136 
37 3 20 -0.027695 4 -0.029732 -0.169719 -0.059871 -0.052335 38 0.093159 3 -0.171583 0.088568 -0.216665 44 0.057136 4 0.042213 -0.029481 -0.036425 0.064766 
38 3 37 0.060004 3 -0.030353 -0.022684 -0.087158 39 0.100942 4 0.112576 0.099162 0.068644 0.053125 44 0.003369 4 0.072644 0.069425 0.039410 0.063162 
39 4 16 -0.030904 3 -0.070910 0.002935 0.055038 38 0.099087 3 -0.072548 0.000076 -0.018751 40 -0.011066 4 0.124142 0.047249 0.109447 0.062267 43 -0.119786 4 0.100923 -0.009450 0.011515 -0.062816 
40 4 16 0.036563 3 0.038757 0.307427 0.009759 39 0.123786 4 -0.004559 0.085826 -0.156362 0.112823 41 0.104331 3 -0.084757 0.056751 0.027660 42 -0.049554 4 -0.006703 -0.071728 0.041731 0.112456 
41 3 40 0.084600 4 0.068264 0.139609 -0.138859 0.001926 42 -0.015580 4 -0.135035 0.011464 0.054163 -0.076767 71 -0.244325 4 0.128283 -0.047486 0.062343 -0.034770 
42 4 40 -0.020682 4 -0.075832 -0.073717 -0.145104 0.152075 41 -0.027540 3 -0.244724 -0.129005 -0.198457 43 0.030906 4 -0.134295 -0.279184 0.060219 0.004044 47 -0.146263 3 -0.103092 -0.130098 -0.131798 
43 4 39 -0.056439 4 -0.027846 -0.202209 0.040673 -0.008983 42 0.245158 4 -0.034226 0.065223 0.034574 -0.034469 44 -0.038547 4 0.003079 -0.013335 -0.062604 0.111144 46 -0.067377 4 0.120217 0.007238 -0.102675 -0.117297 
44 4 37 0.068511 3 0.025100 -0.026462 -0.081319 38 -0.045027 3 0.013202 -0.118465 0.034042 43 -0.094228 4 -0.159209 -0.245376 -0.020812 -0.098193 45 -0.011242 4 0.153112 0.137267 -0.061212 -0.096674 
45 4 21 -0.067283 4 -0.021640 -0.031608 0.138532 -0.034830 44 -0.051851 4 0.120551 0.123724 0.251972 -0.037945 46 0.053498 4 -0.047527 0.167573 -0.073837 -0.181550 50 0.106582 4 0.008673 0.050026 -0.036298 -0.035069 
46 4 43 -0.192424 4 -0.136291 0.172280 0.020137 -0.054769 45 0.005741 4 0.040181 0.083440 -0.104830 0.022526 47 0.012185 3 -0.048237 0.165072 0.015893 49 2.000000 4 2.000000 2.000000 2.000000 2.000000 
47 3 42 -0.063554 4 -0.112469 -0.011106 0.044905 0.210058 46 -0.123804 4 0.003957 0.057157 0.120073 0.050877 48 -0.009547 4 -0.086976 -0.016106 -0.065782 0.070675 
48 4 47 0.038762 3 0.154032 -0.002194 0.105476 49 2.000000 4 2.000000 2.000000 2.000000 2.000000 53 0.040383 3 -0.069676 0.015930 -0.017647 60 -0.167402 4 0.163026 0.029396 0.076771 -0.034119 
49 4 46 0.139826 4 -0.063340 0.039470 -0.081844 -0.136173 48 0.150919 4 -0.030212 0.159917 -0.039232 0.022083 50 -0.102719 4 -0.059372 -0.205039 0.000043 0.169366 52 0.034681 4 -0.033153 -0.115014 -0.099067 0.036419 
50 4 22 0.067775 4 -0.042033 0.098362 -0.027577 -0.208552 45 0.162074 4 -0.043947 0.071192 0.102648 0.128493 49 2.000000 4 2.000000 2.000000 2.000000 2.000000 51 0.015563 3 0.100072 0.107339 0.189403 
51 3 23 -0.011384 4 0.153443 0.017559 -0.047612 -0.027975 50 0.008371 4 0.070263 0.120817 -0.024756 0.151267 52 0.037462 4 -0.072495 -0.046533 -0.038695 -0.066195 
52 4 49 2.000000 4 2.000000 2.000000 2.000000 2.000000 51 0.265320 3 0.086990 -0.018709 0.185154 53 0.033271 3 -0.000613 0.186628 -0.242997 54 0.157784 4 0.036182 0.028348 0.193519 0.026172 
53 3 48 -0.042214 4 0.177916 0.189274 -0.062032 -0.119066 52 0.014077 4 0.085819 -0.081508 -0.015715 -0.057123 59 -0.067298 4 0.010081 0.059642 0.071220 0.013564 
54 4 24 0.021529 4 -0.094691 -0.084693 0.029230 -0.218430 52 0.008955 4 -0.117444 -0.156577 -0.032795 0.048522 55 -0.035789 3 0.236475 -0.000413 -0.106764 58 0.087625 4 -0.045355 0.045822 0.102185 -0.045907 
55 3 36 -0.087412 2 -0.000461 0.118586 54 0.020210 4 0.022374 0.008039 -0.033107 -0.038463 56 -0.160333 2 0.105800 -0.053166 
56 2 55 -0.236205 3 -0.004727 -0.103382 0.060375 57 -0.070170 3 0.024918 0.044154 -0.002693 
57 3 56 0.165190 2 -0.074210 -0.008531 58 0.023507 4 -0.128411 -0.033860 0.230719 0.167231 67 -0.015589 3 0.086778 0.043806 0.082656 
58 4 54 0.080795 4 0.038950 0.093175 0.120576 -0.102126 57 -0.015175 3 -0.019099 -0.002715 -0.055512 59 0.033048 4 -0.099418 0.127212 0.066781 -0.091078 65 -0.209050 4 -0.105268 0.042720 -0.068884 -0.119830 
59 4 53 0.093189 3 -0.024746 -0.084473 0.084962 58 0.047581 4 0.230657 -0.170095 0.083750 0.042243 60 0.001919 4 -0.084256 0.096166 -0.088837 -0.188225 64 -0.002295 4 -0.112331 0.057816 0.041031 0.100265 
60 4 48 -0.068763 4 0.049077 0.126035 -0.200481 -0.030451 59 -0.086003 4 -0.036320 -0.005788 0.106718 -0.067642 61 0.086990 4 0.025245 -0.191067 -0.091536 0.094014 71 0.130468 4 -0.174346 0.141485 -0.048410 0.052777 
61 4 60 -0.057081 4 -0.117628 0.075481 -0.000141 0.125406 62 0.089553 3 -0.054674 -0.073536 -0.075608 64 0.006683 4 0.197471 -0.032971 -0.160901 0.094857 70 -0.107246 4 0.002495 -0.035587 0.051682 0.088748 
62 3 61 0.228486 4 -0.063718 0.011090 -0.031065 -0.057810 63 -0.120843 3 0.047552 0.072137 -0.137014 69 -0.032684 2 0.111013 0.014884 
63 3 62 -0.006539 3 -0.023604 -0.158848 -0.025721 64 -0.130804 4 -0.006956 0.010380 -0.043650 0.092609 66 -0.138920 3 0.156803 0.124363 -0.023055 
64 4 59 -0.060232 4 0.033560 0.040672 -0.062180 -0.001149 61 0.149459 4 -0.058972 0.006876 0.161004 -0.018703 63 0.064638 3 -0.073076 0.137744 0.087307 65 0.112887 4 -0.052540 -0.073700 0.141090 0.003137 
65 4 58 -0.017403 4 0.018525 0.034928 -0.062906 0.108888 64 0.000170 4 0.235314 -0.248782 0.019797 0.094536 66 0.037968 3 -0.079584 0.008974 0.017059 67 -0.019679 3 -0.059975 0.070657 0.121485 
66 3 63 -0.134068 3 0.022323 0.036966 -0.054650 65 -0.090133 4 0.111849 -0.009027 0.044066 0.117476 68 0.016746 2 -0.029724 -0.019418 
67 3 57 0.103816 3 0.009056 -0.022332 -0.126893 65 0.030694 4 0.048240 -0.144153 -0.030445 -0.140839 68 -0.062408 2 0.130145 0.008539 
68 2 66 0.178808 3 0.047895 -0.026284 0.158684 67 -0.014996 3 -0.040398 0.115170 0.115313 
69 2 62 -0.114915 3 -0.052560 0.042936 0.012660 70 0.083222 4 0.211499 -0.099422 -0.158455 0.031085 
70 4 61 0.182334 4 -0.096961 -0.058915 0.033143 -0.129805 69 0.094809 2 0.107170 0.042141 71 -0.197374 4 0.142241 -0.031185 0.091303 -0.111891 80 -0.067671 2 0.024083 0.112342 
71 4 41 -0.042732 3 -0.064821 0.008737 0.163468 60 -0.004264 4 -0.078451 -0.111039 0.093361 -0.002349 70 -0.039188 4 -0.110068 -0.089371 0.034627 0.024488 72 0.051517 3 -0.035158 0.022906 0.056443 
72 3 71 0.044483 4 -0.073097 -0.031976 -0.072566 0.133989 73 0.114090 3 -0.127869 0.161410 -0.056977 74 0.031544 3 -0.000203 0.095754 0.073778 
73 3 72 0.044768 3 -0.034139 0.088858 -0.117972 74 0.042866 3 0.138147 0.116044 0.001851 76 0.010982 3 0.040389 0.097951 -0.032774 
74 3 72 0.094559 3 0.054541 0.068720 0.037195 73 -0.132461 3 -0.142053 -0.033567 -0.197624 75 0.111067 3 -0.038301 -0.078986 -0.009604 
75 3 74 -0.210786 3 0.037741 0.083001 -0.014317 76 -0.054984 3 0.004014 0.101328 0.129671 77 -0.003822 3 0.021759 0.086126 -0.072990 
76 3 73 -0.165472 3 0.158562 -0.066277 -0.076753 75 0.009426 3 0.053812 -0.006533 -0.158649 79 0.005546 3 0.107747 0.069521 0.164763 
77 3 11 -0.038871 5 0.029484 0.070498 -0.115145 0.185946 0.237146 75 0.188293 3 -0.038132 -0.069478 0.100011 78 0.058702 2 -0.113528 0.015361 
78 2 77 -0.120671 3 -0.013482 0.082663 -0.196885 79 0.054533 3 0.012344 0.026192 -0.177110 
79 3 76 -0.061389 3 -0.015884 0.062918 -0.127577 78 0.025093 2 -0.030004 0.019685 80 -0.039275 2 -0.052258 0.157318 
80 2 70 -0.001602 4 0.076944 -0.057876 0.033162 0.112882 79 -0.062204 3 0.024822 0.055692 0.064314 
