1 2 730
1 4 710
2 3 1100
2 5 540
3 6 590
4 5 770
4 8 590
5 6 1000
5 9 860
6 7 530
6 10 1100
7 11 1300
7 17 700
8 9 680
8 12 600
9 10 900
9 13 580
10 11 650
10 14 410
11 14 710
11 16 200
11 77 2400
12 13 650
12 15 580
13 14 800
13 15 1200
16 39 1200
16 40 1300
17 19 1200
17 20 1200
18 19 600
18 35 530
19 20 290
19 34 540
20 21 580
20 37 350
21 22 610
21 34 300
21 45 670
22 23 1200
22 33 300
22 50 650
23 24 660
23 29 290
23 51 640
24 25 280
24 26 380
24 54 1100
25 26 510
25 27 520
25 29 640
26 36 2000
27 28 590
28 29 550
28 31 600
29 30 600
30 31 570
30 33 550
31 32 540
32 33 600
32 35 690
33 34 660
34 35 600
36 55 1200
37 38 720
37 44 330
38 39 400
38 44 428
39 40 500
39 43 490
40 41 670
40 42 500
41 42 440
41 71 1400
42 43 460
42 47 690
43 44 425
43 46 710
44 45 720
45 46 470
45 50 560
46 47 420
46 49 585
47 48 620
48 49 480
48 53 1000
48 60 1300
49 50 500
49 52 1100
50 51 1100
51 52 490
52 53 340
52 54 695
53 59 1500
54 55 2400
54 58 1900
55 56 1400
56 57 1700
57 58 655
57 67 470
58 59 600
58 65 460
59 60 1100
59 64 560
60 61 535
60 71 400
61 62 460
61 64 1100
61 70 485
62 63 1100
62 69 550
63 64 465
63 66 580
64 65 600
65 66 460
65 67 580
66 68 630
67 68 470
69 70 460
70 71 550
70 80 1800
71 72 200
72 73 620
72 74 1800
73 74 910
73 76 780
74 75 920
75 76 630
75 77 1200
76 79 1100
77 78 1100
78 79 350
79 80 350