80
1 2 2 -0.153626 3 -0.025350 0.055421 -0.029033 4 -0.084230 3 -0.046058 0.123783 0.220133
2 3 1 -0.120500 2 -0.205779 -0.073131 3 0.058816 2 0.034424 0.343074 5 0.099684 4 0.038116 0.192977 0.156852 0.022634
3 2 2 0.098509 3 -0.207526 -0.027885 -0.090551 6 0.040571 4 0.098204 0.164108 -0.058419 -0.085442
4 3 1 -0.145361 2 0.065642 -0.166028 5 -0.002407 4 0.169339 0.053945 0.020298 -0.233870 8 -0.024896 3 0.055237 0.073357 -0.160006
5 4 2 -0.048061 3 -0.033276 0.062905 -0.056484 4 -0.224082 3 -0.104491 -0.045425 -0.140921 6 -0.097192 4 0.100961 0.092608 -0.084203 0.062132 9 0.084090 4 0.039908 0.001479 -0.023917 -0.012790
6 4 3 0.003135 2 -0.098270 0.168118 5 0.029239 4 0.062140 0.061347 0.080037 0.035993 7 0.081723 3 -0.044779 -0.069343 -0.092623 10 0.022422 4 0.075563 0.056437 0.110178 0.264606
7 3 6 0.051443 4 -0.124928 -0.040296 -0.115693 0.058257 11 0.142884 5 -0.155483 0.086790 0.149032 -0.065792 0.023430 17 0.030327 3 -0.140203 -0.037304 0.188049
8 3 4 0.154211 3 -0.145802 0.000897 0.023664 9 0.094013 4 0.124685 -0.113651 0.162351 0.020695 12 0.061449 3 -0.146264 -0.180537 -0.236159
9 4 5 -0.031419 4 0.032586 0.076478 -0.005197 0.124453 8 0.084998 3 0.215872 -0.128736 0.013729 10 -0.198634 4 0.051231 0.052710 0.054334 0.161601 13 -0.082500 4 -0.077786 0.141741 -0.054765 -0.158661
10 4 6 0.047436 4 -0.014656 -0.030133 0.017957 -0.061646 9 -0.015949 4 -0.197836 0.035172 -0.091949 0.031689 11 -0.195674 5 -0.080269 0.064422 -0.174588 -0.034969 -0.135394 14 0.039486 3 0.054473 -0.172280 0.082996
11 5 7 0.196245 3 0.071732 -0.064108 0.150368 10 0.109656 4 0.019469 0.025204 0.031135 0.246519 14 -0.096182 3 -0.127839 0.049478 0.043434 16 0.020779 3 0.073798 -0.025685 0.028766 77 -0.666667 3 -0.666667 -0.666667 -0.666667
12 3 8 -0.034367 3 0.197912 -0.061594 -0.018157 13 0.006635 4 0.047329 -0.046089 -0.119823 -0.119744 15 -0.205230 2 -0.036791 -0.116469
13 4 9 0.050253 4 -0.046289 0.030473 -0.241048 -0.329643 12 -0.138293 3 -0.078618 0.070234 -0.037263 14 -0.106054 3 -0.207857 0.092856 0.034466 15 0.078601 2 -0.065176 0.226029
14 3 10 0.056787 4 -0.082636 -0.089698 0.001353 0.100048 11 -0.050513 5 0.007121 -0.194404 0.051082 0.149221 -0.036369 13 -0.031777 4 -0.106782 0.114442 -0.247700 0.165586
15 2 12 -0.047350 3 0.064843 -0.061742 0.091924 13 0.097615 4 -0.097828 0.008986 0.088485 0.028872
16 3 11 0.105778 5 -0.175635 0.036246 0.109946 -0.072368 -0.074188 39 -0.018954 4 -0.065546 -0.075167 -0.095704 0.008910 40 -0.042702 4 0.011742 0.097347 -0.099356 0.138506
17 3 7 0.006247 3 -0.005585 -0.043526 0.021478 19 0.046016 4 0.015007 0.127291 -0.011281 -0.138782 20 0.046529 4 -0.004494 -0.033285 0.098087 -0.111728
18 2 19 0.086826 4 0.059592 0.063884 -0.016329 -0.002063 35 0.012039 3 0.104216 -0.079190 -0.007068
19 4 17 -0.042889 3 -0.062040 -0.041330 -0.041225 18 -0.050460 2 0.063392 0.132461 20 -0.113542 4 -0.123218 -0.049917 -0.088932 -0.040103 34 -0.079192 4 0.149071 -0.069144 -0.094302 0.031437
20 4 17 -0.090898 3 0.003181 -0.028952 -0.104596 19 -0.149668 4 -0.036324 0.157177 -0.074117 0.077450 21 0.079533 4 -0.098533 0.032398 0.062317 0.122021 37 -0.055902 3 0.117467 -0.135297 0.095086
21 4 20 -0.169564 4 -0.093057 -0.209418 0.073875 0.172733 22 0.156519 4 -0.051274 0.043761 -0.026672 -0.020587 34 0.036654 4 -0.184938 -0.117439 0.016618 -0.099734 45 -0.023774 4 -0.019781 -0.121502 0.066092 -0.109255
22 4 21 0.081075 4 0.135450 0.016356 -0.010214 0.069717 23 0.101147 4 -0.123636 0.110803 -0.055073 0.012832 33 -0.222831 4 0.038659 0.000462 0.053548 0.050037 50 -0.012037 4 0.038141 0.009795 0.109418 -0.114435
23 4 22 -0.087611 4 0.037427 -0.046032 -0.001827 0.062932 24 0.190770 4 0.090835 0.053039 0.072406 0.034394 29 0.067300 4 0.005680 0.083536 -0.077404 -0.105521 51 -0.019415 3 -0.066030 0.019847 0.089961
24 4 23 0.134838 4 -0.024138 0.239002 0.096421 0.187578 25 -0.008434 4 -0.019533 -0.055613 0.118732 -0.111674 26 -0.114696 3 0.026587 -0.016073 0.058082 54 -0.050244 4 0.137351 0.014675 0.112293 -0.016343
25 4 24 0.091922 4 -0.064584 -0.001726 0.144215 -0.106041 26 0.223218 3 -0.075796 -0.114242 0.009704 27 -0.094710 2 0.109175 -0.071363 29 0.158299 4 0.201360 0.045472 -0.093000 -0.030662
26 3 24 0.170481 4 -0.023887 0.125151 -0.015029 -0.171420 25 0.095847 4 0.081305 0.073488 0.010510 0.018861 36 -0.038841 2 0.197241 -0.152193
27 2 25 -0.111835 4 -0.005609 -0.033166 0.023871 0.150245 28 -0.000943 3 0.104457 -0.036253 0.056685
28 3 27 0.052673 2 -0.090549 -0.033945 29 -0.005473 4 0.077736 0.082237 0.101273 -0.088318 31 -0.098638 3 0.210334 0.165030 0.005092
29 4 23 -0.242005 4 0.082135 -0.013390 -0.027959 0.052780 25 0.105611 4 0.044680 -0.073188 -0.111785 -0.028368 28 -0.025782 3 -0.115547 -0.157225 0.008204 30 -0.072565 3 0.077522 0.165555 -0.048038
30 3 29 0.196084 4 -0.030035 0.007307 0.056953 0.097679 31 0.051945 3 -0.055458 -0.159376 0.094050 33 0.043262 4 -0.037452 0.053219 0.154261 -0.154703
31 3 28 0.085370 3 -0.058078 0.001606 -0.111001 30 -0.041488 3 -0.115839 0.183926 0.018056 32 -0.066260 3 0.057170 -0.078445 0.034453
32 3 31 0.080387 3 0.092345 0.130647 0.055754 33 -0.029235 4 0.134425 0.041821 -0.051467 -0.104005 35 0.053197 3 -0.115444 -0.065956 -0.118460
33 4 22 -0.050433 4 0.164998 -0.288284 -0.093080 -0.228192 30 -0.023587 3 -0.052677 0.198934 0.072239 32 -0.112381 3 0.070084 0.005292 0.105120 34 -0.238931 4 -0.045221 0.060450 0.137865 -0.037295
34 4 19 -0.011345 4 0.245636 -0.112664 -0.000322 -0.129047 21 -0.174384 4 0.037643 0.023806 0.050486 -0.052679 33 -0.003131 4 0.010165 -0.097535 -0.056295 -0.228510 35 0.005097 3 -0.013314 0.031187 -0.010601
35 3 18 0.079107 2 -0.218398 -0.067493 32 0.122999 3 0.048633 0.009556 -0.065274 34 -0.207205 4 -0.088940 -0.022133 0.032710 0.096631
36 2 26 0.052032 3 0.072777 -0.066461 0.074271 55 -0.094139 3 0.082482 -0.012020 -0.154606
37 3 20 0.193628 4 0.051972 -0.016583 0.077640 0.141700 38 0.086853 3 -0.203554 -0.065349 0.091505 44 0.192889 4 -0.022231 0.065398 -0.034679 -0.005838
38 3 37 0.031345 3 -0.080210 -0.131585 0.185533 39 -0.027414 4 0.151636 0.158361 0.205718 -0.129105 44 -0.074148 4 0.106068 -0.120230 0.040031 -0.121365
39 4 16 -0.040287 3 0.147068 -0.197711 -0.034977 38 0.019076 3 0.114741 -0.031804 0.139017 40 -0.047684 4 -0.029374 0.103985 0.064673 -0.026231 43 -0.102936 4 -0.071876 0.050640 0.011917 -0.309200
40 4 16 -0.077720 3 0.030420 0.009833 -0.041770 39 0.125836 4 0.293283 -0.119837 0.117779 -0.111337 41 0.043672 3 -0.007628 0.082700 -0.027729 42 -0.129147 4 -0.175019 -0.063698 0.075360 0.314950
41 3 40 0.037261 4 0.137511 0.197085 0.010844 -0.086918 42 0.038049 4 -0.012122 0.078142 -0.005283 0.053725 71 0.022997 4 -0.090661 0.077480 0.101035 -0.245088
42 4 40 0.085625 4 0.148794 0.003211 0.175076 -0.019136 41 0.006810 3 -0.060258 -0.060032 -0.115893 43 0.149365 4 0.023038 0.040836 -0.133568 0.025991 47 -0.061033 3 0.178420 0.147311 0.129895
43 4 39 -0.137564 4 -0.108274 -0.022122 -0.053292 0.036650 42 0.057873 4 -0.245092 0.086972 0.036917 0.038731 44 0.005195 4 -0.112219 0.097257 -0.073872 0.002163 46 -0.073354 4 0.046176 -0.091743 0.009567 0.057781
44 4 37 0.020966 3 -0.164359 0.062939 -0.185533 38 -0.089088 3 -0.084050 0.058938 0.127316 43 -0.027878 4 0.100563 -0.097119 -0.001633 -0.010227 45 -0.034063 4 0.027948 -0.000517 -0.077191 0.006888
45 4 21 0.097390 4 0.007880 0.063279 -0.027144 0.175929 44 0.082517 4 0.372613 0.000869 -0.032156 -0.009934 46 -0.038800 4 0.121154 -0.070977 0.069143 0.020255 50 0.051864 4 -0.140753 -0.145588 0.032372 0.121671
46 4 43 0.047823 4 -0.053760 0.035604 0.192929 -0.152610 45 -0.006461 4 -0.061347 0.034200 -0.114953 -0.053489 47 -0.098621 3 0.125147 0.142036 -0.071897 49 -0.088509 4 0.015144 0.051662 0.085309 -0.120146
47 3 42 0.014715 4 0.148869 -0.094037 0.079512 0.037113 46 0.008588 4 -0.121802 -0.019778 -0.042455 0.129653 48 0.164095 4 -0.062678 0.030448 -0.111038 -0.087736
48 4 47 -0.005214 3 0.005346 -0.108241 -0.109946 49 -0.120836 4 0.019967 0.087808 -0.054119 -0.009789 53 0.200392 3 -0.019691 0.079482 -0.261388 60 -0.096827 4 0.023118 0.114139 -0.058431 -0.167428
49 4 46 0.115965 4 0.069299 0.217733 -0.068870 -0.165163 48 0.071932 4 -0.069553 0.008812 -0.194197 -0.035493 50 0.015752 4 -0.052513 -0.117044 -0.214713 -0.186448 52 0.216565 4 -0.009377 -0.064339 -0.115174 0.050016
50 4 22 0.020083 4 -0.090179 0.223887 0.279810 0.121219 45 0.038488 4 -0.167667 0.025228 0.126206 -0.119745 49 0.006066 4 0.221975 0.033502 0.114292 -0.005185 51 0.000074 3 -0.150255 0.016322 -0.080889
51 3 23 0.095968 4 -0.107375 -0.020374 -0.269608 -0.049031 50 -0.076786 4 -0.114368 -0.185075 0.080597 -0.029729 52 0.012740 4 0.015287 0.007289 -0.114611 -0.080076
52 4 49 -0.052926 4 0.137654 0.013084 -0.049254 -0.038434 51 0.169783 3 -0.077369 -0.010035 0.021689 53 0.043613 3 -0.032662 0.156938 0.121827 54 0.173516 4 0.059247 0.128364 -0.052541 -0.086088
53 3 48 0.015331 4 0.217262 -0.097181 -0.040521 0.185123 52 0.044793 4 -0.075372 -0.070048 0.054481 0.069290 59 0.070077 4 0.047476 0.078233 0.078549 0.067881
54 4 24 -0.006494 4 0.049615 0.048610 -0.087652 -0.089722 52 0.026754 4 0.080728 0.153395 0.080013 0.006305 55 0.045631 3 -0.046062 0.186611 -0.003583 58 0.156587 4 0.027994 0.100935 -0.176744 0.170105
55 3 36 -0.034318 2 -0.060079 0.125323 54 -0.176739 4 -0.053568 -0.008773 0.074432 -0.010296 56 0.036848 2 -0.024228 0.100807
56 2 55 0.061780 3 -0.141185 0.032878 -0.070216 57 -0.148088 3 0.038475 0.076738 0.087424
57 3 56 -0.074354 2 0.057542 -0.101871 58 0.021653 4 0.103082 -0.065897 -0.174939 0.070846 67 0.151447 3 -0.098935 0.063141 -0.044949
58 4 54 -0.041181 4 -0.103361 -0.047785 -0.173586 -0.021130 57 -0.125785 3 -0.035861 -0.120260 -0.081406 59 -0.101050 4 0.028618 0.029292 0.094649 -0.016480 65 0.004001 4 0.192523 -0.009955 -0.193176 -0.141593
59 4 53 0.030959 3 -0.192349 -0.019838 0.036296 58 0.137469 4 0.215361 0.092106 -0.116855 -0.143560 60 0.168056 4 -0.021993 -0.059798 0.073375 -0.109863 64 0.049920 4 0.005988 -0.100190 0.199748 0.069555
60 4 48 -0.096080 4 0.009665 0.214904 0.027262 0.103424 59 0.017015 4 -0.096336 0.116025 0.034108 0.014562 61 0.156283 4 -0.029788 -0.028255 -0.100497 -0.034795 71 0.000875 4 -0.018377 0.053789 -0.078269 -0.022803
61 4 60 -0.009055 4 -0.029433 -0.109795 -0.027672 -0.067504 62 0.111828 3 0.046576 -0.094462 0.014917 64 0.131634 4 0.144597 -0.078979 -0.116074 -0.056530 70 -0.123897 4 -0.023247 -0.036067 0.193120 0.071183
62 3 61 -0.018481 4 -0.014873 0.022785 -0.009075 -0.069810 63 0.076914 3 -0.093760 -0.088518 -0.032963 69 0.041031 2 -0.089325 0.063839
63 3 62 0.113994 3 -0.058457 -0.143858 0.071946 64 0.112948 4 0.005055 0.065668 0.082016 0.103808 66 0.169667 3 -0.138054 0.090891 0.084514
64 4 59 0.096056 4 0.000581 -0.114792 -0.090329 0.010525 61 -0.179023 4 -0.039976 0.024726 -0.150405 0.116346 63 -0.176626 3 -0.083208 -0.055174 -0.024059 65 0.036205 4 0.055185 -0.054676 0.087963 -0.074619
65 4 58 0.116314 4 0.000399 0.182710 -0.015751 0.068102 64 -0.018133 4 -0.022522 0.100705 0.081314 -0.063857 66 -0.108317 3 -0.061249 0.075032 -0.148867 67 0.054481 3 -0.075220 -0.125073 -0.041614
66 3 63 0.051376 3 0.041858 0.088608 -0.057903 65 0.001939 4 -0.169442 -0.009787 0.196736 0.186964 68 -0.212004 2 -0.035255 -0.021723
67 3 57 -0.396100 3 0.047802 0.248392 0.078003 65 -0.114804 4 -0.023473 0.102746 -0.167348 -0.130191 68 0.067652 2 0.105889 -0.021633
68 2 66 0.005423 3 -0.051501 0.003099 0.069012 67 0.128787 3 0.036863 0.006115 0.146301
69 2 62 -0.067082 3 -0.125768 -0.288387 0.088560 70 -0.076752 4 -0.030397 0.029674 -0.132236 0.069456
70 4 61 0.030057 4 0.062654 0.022064 -0.072625 0.225477 69 -0.079349 2 -0.185241 -0.087513 71 -0.057966 4 0.241414 -0.011119 -0.097954 -0.003979 80 -0.666667 2 -0.666667 -0.666667
71 4 41 -0.071333 3 -0.009897 0.054479 0.055461 60 -0.016411 4 -0.090213 0.079958 -0.179635 0.058516 70 -0.001259 4 -0.113405 -0.008953 -0.028307 0.015512 72 -0.020783 3 -0.115720 0.017939 0.081235
72 3 71 0.111555 4 -0.085654 -0.003667 0.176965 -0.026481 73 0.009569 3 0.031649 0.029177 0.016298 74 0.057244 3 -0.087920 0.020512 -0.069726
73 3 72 0.119654 3 0.084535 0.151478 -0.182995 74 0.143141 3 0.074775 -0.012071 -0.118929 76 -0.666667 3 -0.666667 -0.666667 -0.666667
74 3 72 0.113425 3 0.095135 -0.138283 -0.119905 73 0.053048 3 -0.099373 -0.182263 -0.072165 75 -0.666667 3 -0.666667 -0.666667 -0.666667
75 3 74 -0.064163 3 0.075513 0.098660 0.063400 76 -0.666667 3 -0.666667 -0.666667 -0.666667 77 -0.666667 3 -0.666667 -0.666667 -0.666667
76 3 73 -0.165317 3 -0.062608 0.189181 -0.094068 75 -0.666667 3 -0.666667 -0.666667 -0.666667 79 -0.666667 3 -0.666667 -0.666667 -0.666667
77 3 11 -0.099136 5 -0.042954 -0.135462 -0.043335 -0.050825 -0.024978 75 -0.666667 3 -0.666667 -0.666667 -0.666667 78 -0.666667 2 -0.666667 -0.666667
78 2 77 -0.666667 3 -0.666667 -0.666667 -0.666667 79 -0.666667 3 -0.666667 -0.666667 -0.666667
79 3 76 -0.666667 3 -0.666667 -0.666667 -0.666667 78 -0.666667 2 -0.666667 -0.666667 80 -0.666667 2 -0.666667 -0.666667
80 2 70 -0.131201 4 0.123288 0.096153 -0.069893 -0.083427 79 -0.666667 3 -0.666667 -0.666667 -0.666667