80
1 2 2 0.011949 3 -0.005392 0.003248 0.021471 4 0.110973 3 0.073239 -0.104617 0.056625
2 3 1 -0.116726 2 -0.059053 0.073312 3 -0.001242 2 -0.019761 0.003362 5 0.080096 4 0.011725 -0.039855 -0.187997 0.046111
3 2 2 -0.004141 3 0.131212 -0.155944 0.045596 6 -0.184758 4 -0.103928 0.068466 0.145828 0.003771
4 3 1 0.028651 2 -0.060901 0.115490 5 -0.037504 4 0.008261 -0.054878 -0.097538 0.003556 8 -0.134572 3 -0.137913 -0.003240 0.076818
5 4 2 0.006407 3 -0.028073 0.065790 0.020536 4 0.059390 3 0.088459 -0.114305 -0.030340 6 -0.073589 4 -0.056946 0.043374 -0.178023 0.046353 9 -0.075612 4 -0.069467 0.041361 0.012373 -0.107993
6 4 3 0.011721 2 0.013368 -0.044924 5 0.153219 4 -0.069572 -0.067955 -0.118482 -0.082590 7 -0.059178 3 -0.045652 -0.036750 -0.062398 10 0.019347 4 0.021842 0.010231 0.097352 -0.038966
7 3 6 0.142480 4 0.099469 -0.148601 0.091184 -0.072085 11 -0.022270 5 -0.035607 -0.049838 -0.049106 -0.001715 0.024926 17 0.012264 3 -0.073795 -0.023175 -0.031294
8 3 4 -0.202027 3 0.078374 0.132664 -0.071952 9 0.076442 4 0.002794 0.163879 -0.037024 0.139687 12 0.085456 3 -0.117593 -0.098300 -0.015598
9 4 5 0.061204 4 0.000842 0.002390 0.044345 -0.178722 8 0.093925 3 0.033231 0.073409 -0.170057 10 -0.043713 4 0.130685 -0.048659 0.019651 0.084839 13 -0.007047 4 0.117611 0.053249 0.029388 0.109183
10 4 6 0.073915 4 -0.073533 0.019396 -0.155761 -0.135865 9 0.033627 4 -0.205274 -0.040461 -0.049183 -0.009633 11 0.040247 5 -0.076647 0.003050 -0.005308 -0.069822 0.107929 14 0.124988 3 -0.036964 -0.156345 -0.036077
11 5 7 0.138142 3 0.192425 -0.060538 0.065226 10 -0.082651 4 -0.205229 -0.131214 0.088385 -0.124181 14 -0.018356 3 -0.026181 0.028274 0.039402 16 0.073661 3 0.069566 -0.078470 0.038059 77 2.000000 3 2.000000 2.000000 2.000000
12 3 8 -0.042814 3 0.152240 -0.176669 -0.059135 13 0.158014 4 0.092678 0.024092 -0.052582 -0.079784 15 -0.038181 2 -0.066858 -0.101010
13 4 9 -0.054894 4 -0.006603 -0.043146 0.019138 -0.256162 12 -0.002620 3 0.026644 0.072206 -0.141783 14 0.122645 3 -0.149740 -0.236204 0.013329 15 0.089444 2 0.026268 0.027613
14 3 10 -0.115661 4 -0.083932 0.034130 0.192623 -0.150762 11 -0.014888 5 -0.009849 0.027162 0.201445 0.182449 0.106547 13 0.016444 4 -0.011195 0.156846 -0.074845 -0.084241
15 2 12 -0.005228 3 -0.049215 -0.087074 -0.138782 13 -0.056903 4 -0.162195 -0.091783 0.130330 0.036635
16 3 11 0.123343 5 0.066692 0.035256 -0.092528 -0.133853 0.041132 39 0.105013 4 0.061391 0.016898 -0.054677 0.169959 40 -0.048744 4 0.028994 -0.034681 0.073536 0.004971
17 3 7 0.023109 3 -0.176342 -0.107650 0.063563 19 -0.311383 4 -0.146055 -0.027811 0.008588 0.178077 20 0.037308 4 0.107838 -0.016567 0.028422 0.085084
18 2 19 -0.041619 4 -0.031448 0.156218 0.054590 -0.090339 35 -0.170025 3 0.101081 0.224414 -0.109727
19 4 17 -0.003116 3 0.031565 0.051267 0.003669 18 0.112866 2 0.113795 -0.124751 20 0.109856 4 -0.102590 0.056473 -0.087607 0.043478 34 0.125554 4 -0.010472 -0.112270 -0.091874 -0.114811
20 4 17 -0.171022 3 0.114985 -0.139876 -0.108399 19 -0.034886 4 0.031157 0.032027 0.078331 0.017542 21 0.213430 4 -0.034963 0.034252 0.134787 0.063680 37 -0.060406 3 0.099963 0.102924 0.103815
21 4 20 0.182608 4 -0.172196 -0.049348 0.070070 -0.006610 22 0.031718 4 -0.042119 0.050453 -0.032339 0.025649 34 0.161429 4 0.184574 0.026047 -0.015501 -0.212898 45 -0.062423 4 -0.026495 0.036470 0.036874 -0.236965
22 4 21 -0.074865 4 -0.067131 0.148542 0.086919 -0.076113 23 -0.092409 4 -0.027972 0.055423 0.038204 0.013114 33 -0.031988 4 -0.076263 0.025241 -0.126119 -0.098653 50 -0.035329 4 0.129557 0.062818 -0.020725 0.010186
23 4 22 0.055780 4 0.069764 -0.189765 0.037707 0.080395 24 -0.053925 4 0.016167 0.181523 -0.039894 0.001458 29 0.035042 4 -0.087432 -0.025064 0.034378 0.182237 51 0.001558 3 -0.126954 0.100726 -0.054857
24 4 23 0.006772 4 0.124713 0.014505 -0.004287 0.002413 25 0.169602 4 -0.234335 -0.007004 -0.032631 -0.019523 26 0.061149 3 0.047393 -0.044312 0.020910 54 -0.042961 4 -0.034324 0.172859 -0.157158 0.010598
25 4 24 0.066992 4 -0.118670 0.045925 0.022722 -0.007040 26 0.022138 3 0.083900 0.061363 0.115761 27 -0.001426 2 -0.126613 -0.024743 29 0.052400 4 0.100649 0.016778 -0.086568 -0.131945
26 3 24 0.020866 4 0.049788 -0.082503 -0.062317 -0.270359 25 0.082231 4 -0.157744 0.142431 0.024353 -0.065810 36 -0.023814 2 0.268344 -0.114577
27 2 25 0.087723 4 -0.063934 0.106141 0.051932 -0.028780 28 0.097636 3 0.004912 0.156331 -0.056233
28 3 27 -0.053176 2 -0.004359 -0.101065 29 -0.032155 4 -0.083876 0.044555 -0.010521 0.085078 31 -0.014284 3 0.113167 -0.031000 0.012262
29 4 23 0.121185 4 0.090905 -0.095448 -0.055865 -0.015149 25 0.115608 4 -0.127779 0.112703 0.051141 -0.045720 28 -0.068626 3 0.125583 -0.066567 -0.100247 30 -0.115885 3 0.190254 0.061063 0.041510
30 3 29 -0.098584 4 -0.120533 0.014558 -0.030025 -0.000659 31 0.091123 3 0.244840 -0.040665 0.046939 33 -0.039095 4 0.122959 0.045560 -0.060980 -0.172099
31 3 28 0.069060 3 -0.008346 -0.037570 -0.096968 30 -0.059502 3 -0.039441 0.131876 -0.199427 32 0.036163 3 0.097565 -0.109828 -0.100702
32 3 31 0.024436 3 0.057799 0.051699 -0.171943 33 -0.084065 4 -0.022019 0.046678 -0.118231 -0.032201 35 -0.013113 3 -0.100171 0.093240 0.031566
33 4 22 0.094216 4 0.010175 -0.098250 -0.013746 -0.025651 30 -0.001983 3 -0.137388 -0.008085 -0.180828 32 -0.068481 3 -0.093151 0.006114 0.029948 34 0.053014 4 0.056010 -0.089925 -0.149094 0.016992
34 4 19 -0.177147 4 -0.085348 0.023193 -0.030956 0.005379 21 0.067242 4 -0.009151 0.111029 -0.079831 -0.003208 33 -0.080410 4 -0.015781 -0.012890 0.033083 -0.087135 35 0.057725 3 -0.054976 -0.139424 0.032209
35 3 18 -0.050509 2 0.110038 -0.048366 32 -0.009186 3 -0.030325 -0.057338 -0.055784 34 -0.144262 4 0.075921 0.050335 -0.168598 0.060297
36 2 26 -0.081531 3 -0.002091 -0.036012 0.089075 55 0.037137 3 -0.052202 -0.034504 -0.108046
37 3 20 -0.084487 4 -0.012902 -0.021724 0.078467 0.027918 38 -0.135523 3 0.002226 0.175737 -0.019423 44 -0.009051 4 0.074086 -0.079424 -0.071249 -0.072912
38 3 37 0.005055 3 0.022447 0.015260 0.115403 39 0.077431 4 0.069254 0.131335 0.021671 -0.068155 44 0.025332 4 0.095028 0.087687 0.027391 -0.088526
39 4 16 0.011799 3 -0.141821 0.087087 -0.045869 38 0.074500 3 0.052780 0.016156 0.180460 40 -0.119612 4 -0.134769 -0.162792 -0.032629 0.015679 43 0.275762 4 -0.169722 0.064988 -0.074464 0.071873
40 4 16 -0.087635 3 -0.038893 0.003070 -0.044815 39 0.069779 4 -0.118997 -0.040336 0.228800 0.201301 41 0.144392 3 0.047207 -0.100834 0.011743 42 -0.118869 4 0.172834 -0.031299 -0.165172 0.069540
41 3 40 -0.059832 4 -0.137537 -0.020587 0.004810 0.025135 42 0.038682 4 -0.048524 -0.070297 -0.045959 -0.155630 71 0.021392 4 0.246129 -0.206953 0.008146 -0.008752
42 4 40 0.175991 4 -0.068647 -0.084564 -0.055351 0.033121 41 0.125944 3 -0.018584 0.081326 -0.197312 43 -0.024645 4 0.190878 0.101966 -0.067625 0.100865 47 0.038379 3 -0.037791 0.053927 -0.082583
43 4 39 0.014567 4 -0.065141 -0.069036 -0.016995 0.071603 42 -0.218778 4 0.078133 -0.094591 0.007260 0.124945 44 0.066491 4 0.039509 0.115612 0.051652 -0.007689 46 0.033452 4 -0.117889 0.154412 -0.067117 0.045757
44 4 37 0.125776 3 -0.049264 0.054547 -0.152122 38 0.002145 3 0.044551 -0.044333 -0.103927 43 0.069254 4 0.018012 -0.053428 0.057347 -0.038830 45 0.035681 4 -0.110585 0.065259 0.070952 0.149005
45 4 21 0.186414 4 0.132058 -0.070324 -0.187995 -0.200774 44 -0.071631 4 -0.034584 0.121979 0.181979 0.102531 46 0.176344 4 0.014414 -0.188237 -0.001725 -0.036154 50 0.116231 4 0.083155 0.107389 0.056392 -0.078813
46 4 43 0.069681 4 -0.269611 -0.068178 -0.120818 0.082877 45 0.010861 4 -0.192102 -0.149588 -0.043429 -0.008313 47 0.064548 3 -0.050825 -0.065785 -0.002223 49 0.119388 4 -0.207459 0.036725 -0.030484 -0.002563
47 3 42 -0.010997 4 -0.047098 -0.205219 0.125757 0.051512 46 0.125254 4 0.022999 -0.044188 0.152082 0.122625 48 -0.209941 4 -0.033130 0.177271 0.062465 0.041946
48 4 47 0.013362 3 -0.058731 0.012262 0.126142 49 0.036302 4 0.017063 -0.084191 -0.159066 0.072178 53 0.052026 3 -0.098354 0.058747 0.057117 60 -0.129185 4 -0.042309 0.071732 -0.016823 0.022648
49 4 46 0.037013 4 -0.098667 -0.260739 0.023470 0.067257 48 -0.186213 4 0.134164 -0.075397 0.129616 -0.057163 50 -0.114219 4 0.034845 -0.136827 0.123560 0.058194 52 0.004370 4 -0.127992 0.076402 0.091954 -0.028733
50 4 22 0.099545 4 -0.104484 0.062298 -0.045455 0.000446 45 -0.086804 4 0.078461 -0.141914 -0.037630 0.155690 49 0.089190 4 0.184009 -0.045494 0.040925 -0.211611 51 -0.161687 3 0.039230 0.099288 -0.043619
51 3 23 -0.101200 4 0.060227 0.121044 -0.052854 0.158844 50 0.101994 4 0.002404 0.028579 -0.133408 -0.035583 52 0.110826 4 0.167464 -0.040230 0.012378 0.245539
52 4 49 -0.192239 4 -0.028188 0.085549 0.021989 0.183290 51 -0.046489 3 -0.160390 0.015271 -0.016505 53 0.017707 3 -0.045355 0.100055 -0.100880 54 0.035926 4 0.197706 -0.125970 -0.152931 -0.091228
53 3 48 0.029820 4 0.008974 0.123836 -0.013323 0.084307 52 -0.003860 4 -0.000477 -0.029767 0.005121 -0.053835 59 -0.066709 4 0.034631 0.005889 -0.083511 -0.065250
54 4 24 0.195817 4 0.037938 0.017771 0.128565 0.056098 52 -0.025017 4 -0.156043 -0.205539 0.000505 0.014521 55 0.004844 3 -0.001456 -0.024124 -0.104120 58 -0.006220 4 0.051005 -0.053659 -0.036017 -0.024589
55 3 36 -0.217350 2 -0.132175 -0.049841 54 -0.022446 4 -0.012792 -0.099680 0.026452 0.056777 56 0.027399 2 -0.002644 -0.013264
56 2 55 0.039285 3 -0.021380 0.244053 0.009622 57 0.067480 3 -0.023733 0.097819 0.055784
57 3 56 0.115835 2 -0.082988 -0.111127 58 -0.121535 4 -0.124097 0.086054 -0.156607 -0.055141 67 0.010075 3 0.098935 -0.218843 -0.154029
58 4 54 -0.026505 4 -0.220553 0.219144 -0.099135 0.117843 57 0.115109 3 -0.090234 -0.007140 0.032112 59 -0.124278 4 -0.117080 0.172731 -0.068649 -0.026836 65 -0.019644 4 0.047317 0.167646 0.083384 0.233799
59 4 53 -0.012173 3 -0.013023 0.072838 0.054639 58 -0.067789 4 -0.078164 0.044039 0.002787 0.110534 60 0.138677 4 -0.023245 0.004674 0.018549 0.103107 64 -0.005788 4 -0.128430 0.000284 -0.193352 0.151945
60 4 48 -0.125618 4 -0.023736 -0.060864 -0.012880 0.082408 59 -0.037038 4 0.072167 0.034329 -0.166329 -0.053817 61 0.043768 4 -0.004684 -0.120474 -0.078388 0.028951 71 -0.136939 4 -0.094354 -0.046320 0.031533 0.158245
61 4 60 0.207806 4 0.106878 0.126182 0.195069 0.074763 62 0.084380 3 -0.051394 -0.013724 0.001470 64 0.165558 4 -0.021325 0.022738 0.070727 0.004405 70 0.026966 4 -0.059892 0.181037 -0.017504 0.097749
62 3 61 0.170083 4 0.030673 -0.074009 -0.049513 -0.048233 63 -0.070913 3 0.054833 -0.077298 -0.046440 69 0.010317 2 -0.255879 0.122853
63 3 62 -0.088831 3 -0.001595 0.070166 0.055510 64 0.066017 4 -0.028264 0.091091 0.097437 0.075831 66 -0.007056 3 -0.143723 0.020974 0.034533
64 4 59 0.153174 4 -0.086989 0.056178 -0.010488 -0.047823 61 0.176525 4 -0.061323 0.132787 -0.152400 0.055480 63 -0.231127 3 0.081351 -0.004514 -0.038852 65 0.159344 4 0.046807 0.065549 0.051554 -0.096950
65 4 58 0.106296 4 0.100241 -0.136502 0.019146 -0.002740 64 0.077521 4 -0.057949 -0.209572 -0.111824 0.177770 66 0.126275 3 0.046595 0.130903 0.115934 67 -0.112278 3 0.179579 -0.117713 0.092218
66 3 63 -0.120162 3 -0.106234 0.051793 -0.096989 65 0.024067 4 0.090112 -0.190825 -0.056764 0.162789 68 -0.002920 2 -0.001089 -0.222010
67 3 57 0.195201 3 0.026941 -0.133844 0.139565 65 -0.096148 4 0.085579 -0.044226 -0.157852 -0.235091 68 0.004218 2 0.113307 -0.003856
68 2 66 -0.143670 3 0.203104 0.049784 -0.119367 67 0.010960 3 -0.223468 0.016646 -0.079926
69 2 62 -0.104046 3 0.088819 -0.070172 0.084061 70 -0.091949 4 0.018922 -0.059456 0.042059 -0.054020
70 4 61 0.058829 4 0.026224 -0.075965 0.063040 0.057474 69 0.079206 2 -0.177387 0.047115 71 0.004631 4 0.027799 -0.140473 -0.207540 -0.016087 80 2.000000 2 2.000000 2.000000
71 4 41 0.177009 3 0.035315 -0.088819 -0.031268 60 0.141816 4 -0.138820 0.030542 -0.007564 0.122072 70 -0.053293 4 0.104323 -0.002369 0.095320 0.076545 72 0.000693 3 -0.027981 0.051309 -0.092515
72 3 71 -0.032267 4 -0.052409 0.083630 -0.015314 0.111711 73 0.096004 3 0.060106 -0.176409 -0.087835 74 -0.127371 3 -0.100180 -0.041374 0.010488
73 3 72 -0.023924 3 -0.010213 -0.235629 0.028792 74 -0.106774 3 -0.012801 0.015263 -0.028668 76 2.000000 3 2.000000 2.000000 2.000000
74 3 72 0.048131 3 -0.048283 0.005349 -0.041074 73 -0.187808 3 -0.029979 0.079999 -0.067284 75 2.000000 3 2.000000 2.000000 2.000000
75 3 74 0.122803 3 -0.104596 0.130703 0.217667 76 2.000000 3 2.000000 2.000000 2.000000 77 2.000000 3 2.000000 2.000000 2.000000
76 3 73 0.153561 3 -0.182379 0.064377 -0.069455 75 2.000000 3 2.000000 2.000000 2.000000 79 2.000000 3 2.000000 2.000000 2.000000
77 3 11 -0.017292 5 -0.025965 0.168648 0.095386 -0.015589 -0.042486 75 2.000000 3 2.000000 2.000000 2.000000 78 2.000000 2 2.000000 2.000000
78 2 77 2.000000 3 2.000000 2.000000 2.000000 79 2.000000 3 2.000000 2.000000 2.000000
79 3 76 2.000000 3 2.000000 2.000000 2.000000 78 2.000000 2 2.000000 2.000000 80 2.000000 2 2.000000 2.000000
80 2 70 -0.011789 4 0.105890 0.051549 -0.001210 0.133221 79 2.000000 3 2.000000 2.000000 2.000000