80
1 2 2 -0.078492 3 0.056162 0.039850 0.018029 4 -0.091700 3 0.130436 -0.139692 0.016951
2 3 1 -0.080641 2 -0.115613 0.027902 3 0.051455 2 -0.073362 -0.113502 5 -0.014067 4 0.076192 0.105639 0.042559 0.052182
3 2 2 -0.067777 3 0.004242 0.042014 -0.024815 6 -0.043503 4 0.028448 0.106398 0.003819 0.050064
4 3 1 0.060946 2 0.187372 -0.019034 5 0.040798 4 -0.027858 0.087415 -0.155345 0.125333 8 -0.072623 3 0.024693 -0.276340 -0.037164
5 4 2 0.052459 3 0.013128 -0.064940 -0.089862 4 -0.009281 3 -0.045247 0.112768 -0.035271 6 0.126177 4 0.168604 -0.065299 0.131133 0.128852 9 -0.065325 4 0.152885 -0.201550 0.017136 -0.124762
6 4 3 0.073616 2 -0.001467 -0.138388 5 0.028172 4 -0.134671 -0.134784 -0.105899 0.099117 7 -0.152134 3 0.040865 -0.079024 -0.049806 10 -0.068281 4 -0.136923 -0.018119 0.159512 0.051910
7 3 6 -0.095212 4 0.079668 -0.003686 -0.026557 0.050841 11 -0.005317 5 0.069202 -0.141718 -0.028022 0.044885 -0.155206 17 -0.003343 3 0.094529 -0.054959 -0.008634
8 3 4 0.143057 3 0.068665 -0.023738 0.044297 9 0.095430 4 -0.168768 0.005816 -0.211400 -0.033765 12 0.035518 3 0.052751 -0.094742 -0.072678
9 4 5 0.005015 4 0.244668 0.024252 -0.026749 0.184257 8 0.135899 3 0.055542 0.206146 -0.115042 10 -0.014990 4 0.125104 0.055383 -0.042852 -0.006303 13 -0.021244 4 -0.089484 -0.019285 0.208389 -0.122857
10 4 6 0.115050 4 -0.008156 -0.058866 0.058717 -0.075695 9 -0.054508 4 -0.009394 -0.106796 -0.096158 -0.016916 11 0.055662 5 0.073315 -0.055981 -0.095619 0.121033 0.038018 14 -0.199541 3 0.109661 0.101744 0.038069
11 5 7 0.163853 3 -0.138859 -0.136673 -0.104785 10 -0.048777 4 -0.056697 -0.161723 -0.101915 0.291938 14 0.064451 3 -0.003109 -0.109163 -0.035030 16 0.082354 3 -0.038152 0.098204 -0.086275 77 -0.066613 3 0.116437 0.076941 -0.006269
12 3 8 0.023844 3 0.068467 -0.051886 -0.059846 13 0.180077 4 0.087521 -0.048748 0.258154 0.013268 15 0.004643 2 0.214965 -0.097445
13 4 9 -0.139480 4 -0.257927 -0.000949 -0.029974 0.120720 12 -0.045064 3 -0.084345 0.074611 0.004750 14 -0.017894 3 0.194723 0.060706 0.018738 15 0.099340 2 -0.020291 -0.119398
14 3 10 -0.007422 4 0.037400 -0.071925 0.093831 -0.035775 11 0.141323 5 -0.097099 0.052041 -0.101221 -0.084861 -0.171614 13 0.136545 4 -0.194922 -0.045085 -0.027015 -0.058202
15 2 12 -0.007403 3 0.017002 0.009604 -0.083443 13 0.001480 4 0.130514 -0.049019 0.041355 -0.092513
16 3 11 0.094989 5 0.045635 -0.087625 0.044996 0.138221 -0.118186 39 -0.080036 4 -0.010370 -0.129535 0.085139 -0.102738 40 -0.087552 4 0.038809 -0.103347 0.068109 0.088727
17 3 7 -0.127581 3 0.013557 -0.047645 0.150629 19 -0.009497 4 0.039971 0.094815 -0.015586 0.009796 20 -0.017403 4 -0.141866 -0.077655 -0.182744 -0.040233
18 2 19 -0.081752 4 -0.061994 -0.009239 0.054520 0.058425 35 0.170037 3 -0.039872 0.015726 -0.097738
19 4 17 0.000677 3 0.175045 0.205643 0.130954 18 0.083535 2 -0.124493 -0.178424 20 0.027895 4 -0.098192 0.043382 -0.130133 -0.005272 34 0.191648 4 -0.058169 0.070751 0.068289 0.161424
20 4 17 -0.055452 3 0.203676 -0.063635 -0.006967 19 0.201026 4 0.119100 0.155869 0.066481 -0.053745 21 -0.098115 4 0.183016 -0.293381 0.058795 -0.005314 37 0.053615 3 -0.134295 -0.005411 0.035918
21 4 20 0.090304 4 -0.087658 -0.066954 0.050816 0.081916 22 -0.023616 4 -0.048542 -0.043073 -0.105144 -0.008324 34 -0.065560 4 0.030692 -0.080657 -0.095163 -0.068898 45 0.165090 4 0.041934 -0.172985 0.122268 -0.063490
22 4 21 0.017156 4 -0.045740 -0.071672 0.071157 -0.118311 23 0.036314 4 -0.023759 0.037582 0.005106 0.057883 33 -0.031328 4 0.030748 0.035902 -0.237845 -0.005170 50 -0.021413 4 -0.145751 0.026112 -0.085951 0.048776
23 4 22 -0.072838 4 -0.007761 0.046285 -0.093873 0.064783 24 -0.000985 4 -0.184464 0.136241 0.040004 -0.021071 29 -0.077708 4 0.117452 0.116434 -0.162796 -0.176956 51 -0.050927 3 -0.055632 -0.166765 -0.064824
24 4 23 -0.130555 4 0.085276 -0.044349 0.049490 0.033564 25 0.090209 4 -0.075931 -0.106426 0.150176 0.046386 26 -0.051139 3 -0.098780 -0.011269 0.053943 54 0.045802 4 0.005479 -0.077145 -0.046339 -0.097401
25 4 24 0.016512 4 0.159722 0.052174 0.082053 -0.046695 26 -0.130832 3 -0.075515 0.196196 0.058370 27 -0.138376 2 0.156798 0.016286 29 0.136863 4 0.007977 -0.103332 0.035637 -0.184898
26 3 24 -0.134575 4 -0.139613 0.037629 -0.130583 0.132503 25 0.037033 4 -0.064850 -0.037327 -0.035425 -0.071514 36 0.073909 2 -0.116483 0.199216
27 2 25 0.031554 4 0.231011 -0.181882 0.066491 0.082353 28 -0.068923 3 -0.075635 -0.033170 -0.030898
28 3 27 0.008226 2 0.111507 -0.025184 29 -0.013710 4 -0.045761 -0.014880 0.217429 0.107659 31 -0.105713 3 0.113156 -0.112262 0.029036
29 4 23 0.083456 4 0.010911 0.028467 -0.107520 0.024709 25 -0.011473 4 -0.000759 -0.107103 -0.023844 0.048913 28 0.006264 3 0.024613 0.010990 -0.014820 30 0.016577 3 -0.046539 0.132285 0.060921
30 3 29 -0.072332 4 0.085546 0.059114 -0.134486 -0.074289 31 -0.146867 3 0.061699 -0.051260 -0.086952 33 0.179962 4 0.056975 -0.090146 -0.023418 0.064091
31 3 28 0.238243 3 0.188174 -0.053506 -0.028930 30 -0.070619 3 -0.132903 0.028415 0.072025 32 -0.228117 3 0.066981 0.056974 0.081128
32 3 31 0.020145 3 0.324610 0.005999 -0.039297 33 0.056546 4 0.057232 -0.037786 0.072843 0.114464 35 0.121725 3 -0.015398 -0.157093 0.108505
33 4 22 0.200645 4 0.034347 -0.092789 0.147309 0.103416 30 -0.057549 3 -0.099416 0.108455 0.156111 32 0.045266 3 0.163043 -0.038590 0.054737 34 -0.045686 4 0.066358 0.055896 -0.059422 0.139837
34 4 19 0.102682 4 -0.045628 0.061856 -0.130433 0.159399 21 0.069108 4 0.145758 0.026957 0.105632 0.013638 33 -0.005936 4 -0.073346 0.122788 0.064737 0.075281 35 -0.113361 3 0.203565 -0.104132 0.106600
35 3 18 -0.175614 2 -0.102914 -0.151758 32 -0.153618 3 -0.088590 0.193658 0.110467 34 -0.067231 4 0.050768 -0.109246 0.014069 -0.170074
36 2 26 0.080119 3 -0.053519 0.015417 0.051583 55 -0.000905 3 0.004962 0.038716 0.048198
37 3 20 -0.089151 4 -0.159449 -0.066126 -0.106006 -0.079772 38 -0.135080 3 -0.103033 0.031177 0.075163 44 0.054608 4 -0.051511 0.057284 -0.003199 0.146024
38 3 37 -0.067777 3 0.027224 -0.016110 0.038259 39 0.142788 4 0.183631 -0.114721 0.022801 -0.052552 44 -0.126511 4 -0.035409 0.079631 0.015569 0.045303
39 4 16 -0.178599 3 0.031280 0.032629 0.079934 38 -0.157031 3 0.078038 -0.064819 -0.074171 40 0.068880 4 -0.126897 -0.143339 -0.081296 0.195535 43 0.136886 4 0.058840 -0.056941 0.169670 -0.201573
40 4 16 -0.096536 3 -0.166727 -0.062844 -0.033527 39 -0.023927 4 -0.071841 0.015790 -0.067308 0.079955 41 -0.028429 3 0.050495 -0.081534 0.083082 42 0.134158 4 -0.053950 -0.122699 -0.090547 0.003625
41 3 40 0.016060 4 -0.097195 0.059937 0.056691 -0.056474 42 -0.028241 4 -0.149609 0.043004 -0.039401 0.067405 71 -0.094773 4 -0.115725 -0.040665 0.102417 -0.013213
42 4 40 -0.143424 4 0.042003 -0.098444 0.119158 -0.053653 41 -0.037297 3 0.031303 -0.090980 -0.010741 43 -0.006887 4 -0.123262 0.023881 0.142687 -0.051625 47 -0.087967 3 0.211185 -0.199131 0.089275
43 4 39 -0.047837 4 0.013148 -0.128835 -0.092920 0.006849 42 0.006341 4 -0.094924 0.054074 -0.066859 -0.014777 44 -0.082772 4 -0.003792 -0.054599 0.188197 -0.297840 46 0.118812 4 -0.079108 0.068984 -0.022185 0.131554
44 4 37 0.042149 3 -0.111287 0.083279 0.230771 38 -0.022063 3 0.044291 0.093161 0.052238 43 -0.142825 4 0.031088 0.143929 0.098807 0.134860 45 0.024120 4 0.018189 -0.007431 -0.025097 -0.041406
45 4 21 0.009493 4 0.155049 -0.025023 -0.036115 0.060008 44 -0.053513 4 -0.096611 -0.052310 -0.050255 0.073532 46 -0.221564 4 -0.024654 -0.017504 -0.242185 0.129203 50 -0.185391 4 0.119693 -0.067058 0.018381 0.111424
46 4 43 -0.023380 4 0.015380 0.134606 -0.157594 -0.050898 45 0.089933 4 0.068164 0.106882 0.185924 0.098209 47 -0.025941 3 0.005488 0.023158 0.107571 49 0.061837 4 0.074975 0.004745 0.041458 -0.027200
47 3 42 0.005362 4 -0.185669 0.139519 -0.151087 -0.146716 46 0.026846 4 0.108151 0.122021 0.007399 0.078885 48 -0.078335 4 0.011479 0.088917 -0.096521 -0.015987
48 4 47 0.014246 3 0.026031 0.044571 -0.090000 49 -0.025739 4 0.068720 0.130374 0.020096 0.041082 53 0.027042 3 -0.010075 -0.019318 0.003230 60 -0.045489 4 -0.078137 -0.064123 -0.039574 0.016693
49 4 46 -0.055317 4 -0.028879 0.030955 0.019618 -0.014835 48 -0.110611 4 0.055176 0.006043 0.076963 0.037038 50 0.089057 4 0.046669 0.119364 0.215003 0.154899 52 -0.139731 4 -0.077859 0.108813 0.144055 0.002281
50 4 22 0.024819 4 -0.040723 -0.076920 -0.118033 0.158545 45 0.062521 4 -0.185320 0.057787 0.017003 0.160780 49 0.149533 4 0.160257 0.073416 0.035054 -0.045345 51 -0.011519 3 -0.242190 0.033811 -0.002460
51 3 23 0.017947 4 -0.090237 -0.078173 0.036449 -0.036558 50 0.039231 4 0.031506 -0.035502 -0.145249 0.101921 52 0.098089 4 -0.058231 -0.038690 -0.128007 0.003279
52 4 49 0.083298 4 -0.154277 -0.036878 -0.110827 -0.033073 51 0.095758 3 0.095131 -0.016546 -0.060898 53 -0.033809 3 -0.043337 -0.004835 -0.022582 54 -0.130627 4 -0.046501 -0.020050 0.014509 0.086131
53 3 48 0.184588 4 0.180538 -0.004492 -0.122308 0.072037 52 0.114682 4 0.001008 0.091193 -0.089787 -0.192277 59 0.180739 4 0.031166 0.080117 0.111393 0.166568
54 4 24 0.144404 4 -0.021086 -0.055291 0.236695 0.087655 52 -0.034683 4 -0.048312 -0.117346 -0.023773 -0.017086 55 -0.036160 3 -0.093404 0.099432 0.122515 58 0.094761 4 0.144002 -0.131506 -0.032881 0.024384
55 3 36 0.176826 2 -0.041066 0.010455 54 0.192914 4 -0.140634 -0.140784 0.066037 -0.068188 56 -0.024551 2 -0.123217 0.097953
56 2 55 -0.101908 3 0.102378 -0.039911 0.010096 57 0.077821 3 0.245143 -0.071844 -0.007307
57 3 56 -0.009063 2 0.010566 -0.053083 58 -0.068376 4 0.034289 -0.102466 -0.059109 0.028271 67 -0.205931 3 -0.227281 0.048735 -0.020755
58 4 54 -0.018034 4 -0.153859 -0.074276 -0.118894 0.049905 57 0.009056 3 0.053165 0.074285 0.007425 59 -0.074426 4 0.026522 0.116834 -0.096594 0.107375 65 -0.071127 4 -0.037425 0.058613 -0.084775 -0.128747
59 4 53 0.198053 3 0.042329 -0.040288 -0.041600 58 0.235873 4 0.013544 0.090482 -0.180842 -0.023805 60 0.045027 4 -0.210931 0.221081 -0.066433 -0.002711 64 0.147339 4 0.138495 -0.098256 0.138663 0.012707
60 4 48 0.069244 4 0.007671 0.049991 -0.073252 0.159018 59 0.074450 4 -0.073579 -0.047387 0.153151 -0.147234 61 0.118364 4 -0.033110 0.080138 -0.207618 -0.076191 71 0.060884 4 -0.001606 -0.014212 -0.087089 0.179335
61 4 60 -0.212597 4 -0.024061 0.014212 0.040068 0.082995 62 0.086808 3 0.090057 0.024219 0.108428 64 -0.108711 4 0.046150 -0.046679 -0.033450 -0.078151 70 -0.046284 4 0.197422 -0.002271 -0.021848 -0.040517
62 3 61 -0.092812 4 0.032688 0.035003 0.201849 -0.050680 63 0.104750 3 -0.036862 0.074746 -0.082395 69 -0.042767 2 0.035889 -0.048291
63 3 62 -0.105531 3 0.062002 0.270801 -0.044483 64 0.185145 4 0.022903 0.078240 0.030729 -0.147380 66 0.033802 3 -0.142499 0.022369 -0.086801
64 4 59 0.093844 4 -0.021244 -0.011445 0.210614 0.268519 61 0.117389 4 -0.069557 -0.217502 0.128621 -0.226672 63 -0.100011 3 -0.099453 0.024871 -0.167809 65 -0.006987 4 0.129795 -0.125710 0.009218 0.036015
65 4 58 0.201321 4 -0.258308 -0.129811 -0.139898 -0.025631 64 0.030174 4 -0.031044 -0.111586 -0.026256 -0.186744 66 0.014623 3 -0.051534 0.045916 0.090006 67 -0.136485 3 -0.041837 0.130393 -0.054089
66 3 63 -0.004964 3 0.066144 0.003722 -0.032010 65 -0.100957 4 0.063076 0.010718 0.088170 0.168678 68 -0.023780 2 -0.194026 0.162511
67 3 57 0.028330 3 -0.003930 0.011982 -0.079632 65 -0.071772 4 -0.052056 0.060043 -0.059716 -0.027952 68 0.057821 2 0.010049 -0.232663
68 2 66 -0.057745 3 0.106140 0.059001 -0.111501 67 0.017842 3 -0.270182 0.064839 -0.104565
69 2 62 0.034894 3 -0.035665 -0.041844 -0.198961 70 0.084681 4 -0.016968 -0.030749 0.060542 -0.039612
70 4 61 -0.073863 4 -0.043987 -0.036299 -0.082126 0.022419 69 -0.095311 2 -0.014016 -0.071908 71 -0.004881 4 0.211977 0.019557 -0.043649 0.024867 80 0.006572 2 0.141228 -0.125528
71 4 41 -0.037703 3 -0.195646 0.067514 -0.068305 60 -0.033939 4 0.098312 -0.166292 -0.065882 0.069096 70 0.063694 4 -0.072338 -0.064014 -0.044590 0.095199 72 -0.134526 3 -0.058147 -0.077596 -0.036318
72 3 71 -0.097225 4 0.000252 -0.025913 0.074392 -0.038019 73 0.112363 3 0.002196 -0.045055 0.095701 74 -0.028553 3 0.096498 0.124198 -0.053718
73 3 72 -0.029750 3 -0.038842 0.203503 -0.079041 74 0.018612 3 -0.142855 -0.047445 0.078534 76 -0.099715 3 -0.152891 0.010472 -0.060980
74 3 72 -0.088790 3 0.116918 -0.069324 -0.156269 73 -0.056573 3 0.088399 0.192289 -0.049462 75 -0.053945 3 -0.083956 0.138473 -0.146315
75 3 74 0.030946 3 0.114099 -0.114300 0.249468 76 0.084801 3 -0.155358 0.018134 -0.023127 77 0.000594 3 -0.048303 -0.026705 0.093848
76 3 73 0.101057 3 -0.052257 0.074993 0.132509 75 0.003454 3 0.009056 0.019174 -0.068749 79 -0.013160 3 0.033656 -0.106816 0.106243
77 3 11 -0.017354 5 -0.101663 -0.080960 0.071909 -0.005538 -0.019400 75 -0.022389 3 0.028524 0.011376 -0.119510 78 0.006531 2 0.158222 -0.147931
78 2 77 0.103775 3 0.062205 0.062670 -0.010776 79 -0.075006 3 -0.032081 -0.063594 -0.278761
79 3 76 -0.135991 3 0.153696 0.047840 0.084585 78 -0.086957 2 -0.088791 0.199350 80 -0.066835 2 0.127922 0.125583
80 2 70 0.027365 4 -0.003071 -0.015593 0.077804 -0.039424 79 -0.005763 3 -0.007770 -0.076047 -0.089623