80
1 2 2 -0.075076 3 0.141094 -0.039479 -0.027883 4 0.095950 3 0.077411 -0.062994 -0.019534
2 3 1 0.025213 2 -0.028285 0.012313 3 0.050206 2 -0.018168 0.206183 5 0.065176 4 -0.018604 0.022968 0.061500 -0.022906
3 2 2 -0.123371 3 0.136368 -0.051210 -0.223142 6 0.148858 4 0.011462 -0.035806 -0.009803 0.185164
4 3 1 0.057031 2 0.077364 0.008015 5 0.228177 4 0.142055 -0.039148 0.024529 -0.008807 8 0.029619 3 0.223010 0.058351 0.015449
5 4 2 0.025158 3 -0.137021 -0.027544 -0.117966 4 0.190405 3 0.092474 -0.037467 -0.174797 6 0.107563 4 -0.099542 0.044932 -0.064156 0.032280 9 -0.131391 4 0.181278 0.088256 0.184862 -0.053996
6 4 3 -0.044910 2 0.037758 -0.087781 5 0.037187 4 -0.013628 0.014319 -0.029361 0.124257 7 0.132531 3 0.152587 0.032156 -0.038085 10 0.133471 4 -0.012974 -0.090438 -0.030060 -0.033028
7 3 6 -0.063355 4 0.126067 -0.044958 -0.032315 0.147588 11 0.202071 5 -0.139440 -0.034543 0.026555 -0.058993 0.114966 17 0.089892 3 -0.079570 -0.031323 -0.180543
8 3 4 -0.039049 3 -0.015996 0.135576 -0.025576 9 -0.222097 4 0.179784 -0.014807 -0.179692 0.013305 12 0.044810 3 0.066442 0.004020 -0.003944
9 4 5 0.002273 4 -0.014576 0.152728 0.010503 -0.005229 8 0.016986 3 0.180698 -0.094970 -0.154222 10 0.033046 4 0.076252 0.003585 0.029889 0.017020 13 0.000731 4 -0.009420 -0.007697 -0.206721 -0.144591
10 4 6 0.054941 4 0.048391 0.138661 -0.119365 -0.143985 9 -0.001152 4 0.102530 -0.000085 -0.035932 0.007942 11 -0.028217 5 0.089304 -0.019459 -0.107338 0.159345 -0.057441 14 -0.037051 3 -0.121072 -0.038184 0.067815
11 5 7 -0.052061 3 -0.094984 -0.000393 0.005383 10 0.066662 4 0.033481 -0.085274 -0.045600 -0.079638 14 0.073950 3 0.006440 0.165735 0.099064 16 0.011540 3 0.229347 0.005901 0.011336 77 -0.042115 3 -0.038771 -0.035193 0.004594
12 3 8 0.053570 3 0.011357 -0.062058 0.025298 13 -0.004608 4 0.039013 0.033664 -0.007386 0.100939 15 -0.031548 2 -0.003194 -0.008865
13 4 9 0.025141 4 -0.154396 -0.030296 0.199815 0.105370 12 -0.064127 3 -0.212435 0.120506 0.064923 14 -0.011200 3 -0.103677 0.018267 0.026364 15 -0.039722 2 0.157296 -0.057134
14 3 10 0.008534 4 -0.103330 0.058285 0.082934 -0.047209 11 -0.085286 5 0.124461 -0.033642 -0.018970 -0.125802 0.098855 13 0.197316 4 0.088743 0.016013 -0.183226 0.108170
15 2 12 -0.048792 3 0.071330 -0.022366 -0.064643 13 0.095262 4 -0.078872 -0.145189 -0.175474 -0.005127
16 3 11 -0.248417 5 -0.080112 0.036652 0.043448 -0.034627 0.017078 39 -0.105796 4 0.075544 0.015940 0.115944 0.003350 40 -0.118000 4 -0.055134 -0.105816 -0.143940 0.066302
17 3 7 0.012038 3 0.120984 0.149331 -0.064948 19 -0.081986 4 0.067733 -0.092584 0.085300 -0.034345 20 -0.007845 4 0.198057 0.069343 -0.056272 0.162679
18 2 19 -0.150187 4 0.062063 0.129674 -0.047172 0.111807 35 0.103985 3 0.164293 -0.051059 -0.074814
19 4 17 -0.031816 3 0.113990 -0.057006 0.034471 18 0.050014 2 -0.055911 0.022100 20 -0.063177 4 0.051739 0.060701 -0.182416 -0.133241 34 0.037977 4 -0.125786 0.066248 0.073147 -0.047406
20 4 17 0.006927 3 0.058095 0.132391 -0.019491 19 0.067149 4 -0.005558 -0.013966 -0.125685 0.046179 21 -0.016252 4 -0.208160 0.141993 0.152966 0.070834 37 -0.077983 3 0.073791 0.029568 0.233653
21 4 20 0.178009 4 -0.025138 -0.115446 0.155395 -0.065154 22 0.013016 4 0.086623 -0.138386 -0.113183 0.095536 34 0.142293 4 -0.014473 0.084799 0.010615 0.111913 45 -0.061535 4 0.190007 -0.103534 0.078049 -0.052364
22 4 21 0.057880 4 0.036655 -0.029151 0.044711 0.036858 23 -0.135437 4 0.033168 -0.127666 -0.146004 0.107627 33 -0.056879 4 0.028529 -0.039742 0.194480 0.062627 50 0.094630 4 0.163735 0.024483 -0.005140 0.004212
23 4 22 -0.113658 4 -0.112636 0.070852 0.004400 0.008665 24 0.070365 4 0.194402 0.146634 0.052953 0.019328 29 -0.009141 4 0.167923 -0.059775 0.031633 -0.110358 51 0.099214 3 0.136991 0.127946 -0.051023
24 4 23 0.084516 4 -0.082646 0.057903 0.096983 -0.047676 25 0.063511 4 -0.164177 0.016339 -0.045463 -0.067943 26 -0.028390 3 -0.076210 0.051798 0.071093 54 -0.131237 4 -0.057332 -0.131304 -0.072606 0.048178
25 4 24 -0.025036 4 -0.062414 0.117448 -0.004676 0.065592 26 0.092232 3 -0.001568 0.048444 -0.159404 27 -0.009848 2 0.104911 0.008202 29 -0.231102 4 0.067629 -0.105856 0.075443 0.083947
26 3 24 -0.046981 4 -0.091644 -0.020236 -0.003040 -0.035798 25 0.078662 4 0.141002 0.017295 0.072162 -0.040181 36 -0.038102 2 0.162749 0.036031
27 2 25 0.111549 4 0.005747 0.007461 0.026470 -0.130992 28 0.021348 3 0.067623 -0.098148 0.006703
28 3 27 -0.128186 2 0.068537 -0.058373 29 0.050480 4 -0.018367 -0.102651 0.018627 0.105446 31 -0.079430 3 0.070426 -0.054411 -0.000244
29 4 23 -0.055968 4 -0.031565 -0.075324 0.034737 0.120418 25 -0.036820 4 -0.009929 -0.088033 0.038384 0.041098 28 0.052083 3 0.067465 -0.078490 0.007777 30 0.014335 3 -0.102555 0.105833 -0.111726
30 3 29 0.076480 4 -0.059813 -0.063167 0.007336 0.078657 31 -0.000677 3 -0.090324 0.133143 -0.139624 33 0.045862 4 0.020261 0.037409 0.027336 0.014494
31 3 28 0.109781 3 0.011941 0.025780 -0.000329 30 0.148437 3 -0.067250 0.089237 -0.071015 32 -0.035085 3 0.081598 0.030923 0.095378
32 3 31 0.035834 3 -0.083003 0.071190 -0.160822 33 0.047510 4 -0.037050 0.111073 0.180158 -0.021627 35 0.058523 3 -0.023302 0.041827 -0.099832
33 4 22 -0.016611 4 -0.180355 0.068235 -0.054763 -0.132036 30 -0.010444 3 -0.003802 0.026648 -0.099292 32 -0.131235 3 -0.119625 0.078422 0.094689 34 0.079336 4 -0.096941 0.110484 -0.015353 0.128750
34 4 19 -0.027893 4 0.075389 0.084472 0.027768 -0.138962 21 -0.059082 4 0.051429 0.116734 0.017776 -0.026398 33 0.001805 4 0.228122 0.003247 -0.036151 0.040737 35 0.088713 3 -0.070874 0.038816 -0.097981
35 3 18 -0.064260 2 0.008407 0.128141 32 0.004653 3 0.103193 -0.059554 -0.035211 34 0.072193 4 0.030357 0.022365 -0.082162 -0.028230
36 2 26 0.207843 3 -0.032030 -0.043264 -0.016624 55 0.113930 3 -0.002752 -0.068959 -0.103018
37 3 20 0.014417 4 -0.012134 0.130684 -0.054884 -0.043246 38 0.192206 3 -0.089214 -0.031949 0.046134 44 0.140787 4 -0.017181 0.051473 0.141418 0.039036
38 3 37 -0.104771 3 0.098673 0.149084 -0.023675 39 0.014125 4 -0.099123 0.143225 0.107373 0.088760 44 0.084669 4 0.136226 -0.139888 -0.126077 0.057448
39 4 16 0.118170 3 -0.124103 0.159930 0.094390 38 -0.067055 3 0.134654 -0.143916 -0.029958 40 0.131618 4 0.107802 -0.020017 -0.009406 -0.122254 43 -0.132846 4 -0.077199 0.072410 0.047958 -0.033364
40 4 16 0.083912 3 0.033266 0.040665 -0.008733 39 0.053171 4 -0.020995 -0.141840 -0.194239 -0.008163 41 0.118840 3 0.071297 -0.147919 -0.165498 42 0.037448 4 -0.064918 -0.087879 0.136664 -0.089383
41 3 40 -0.224983 4 0.152723 0.191415 0.153097 0.165920 42 0.029800 4 -0.149298 -0.156784 -0.087313 -0.109890 71 -0.061304 4 0.004897 -0.013170 -0.001382 0.043244
42 4 40 -0.054219 4 -0.152405 -0.063743 0.058871 0.098424 41 0.047437 3 0.095523 0.071028 0.161273 43 -0.037236 4 0.150217 -0.094406 -0.012591 -0.062508 47 0.118766 3 -0.169394 -0.091264 -0.076521
43 4 39 0.049263 4 -0.079876 0.060669 0.099935 0.187682 42 -0.106829 4 0.136214 0.077801 0.131358 -0.112180 44 -0.103464 4 -0.055251 0.021716 -0.109458 0.090247 46 0.116480 4 -0.061838 0.088742 -0.029702 0.095677
44 4 37 0.119701 3 -0.033126 0.020384 0.030209 38 -0.219749 3 0.086275 0.103787 -0.025200 43 -0.042583 4 0.023620 0.040180 0.025507 0.021576 45 0.006952 4 -0.014151 -0.062425 0.025087 -0.039837
45 4 21 -0.123612 4 0.034605 0.193890 0.061060 0.129391 44 0.015275 4 0.166054 -0.051375 0.055710 0.008799 46 -0.080698 4 0.135378 0.136792 -0.004978 0.000736 50 0.082684 4 -0.121862 -0.099199 -0.060847 -0.057354
46 4 43 -0.013205 4 0.045943 -0.031266 -0.071209 -0.026268 45 0.024531 4 0.019996 0.001676 0.056815 -0.001965 47 -0.197105 3 0.006354 0.128648 -0.094497 49 -0.044403 4 0.100669 0.257897 -0.062255 0.270586
47 3 42 -0.244721 4 0.092793 -0.150009 -0.258750 -0.042134 46 -0.022644 4 -0.164475 0.100554 -0.091583 0.144395 48 -0.068380 4 0.150644 -0.075084 -0.021016 -0.231036
48 4 47 0.022914 3 0.059865 0.030172 -0.045422 49 -0.050172 4 -0.098238 0.087248 0.042014 0.116297 53 0.014268 3 -0.041896 0.038541 0.111063 60 0.050824 4 -0.075980 -0.020976 -0.021169 0.096485
49 4 46 0.072153 4 -0.011073 -0.132549 -0.078507 0.069044 48 -0.142110 4 0.109159 -0.067219 -0.002263 -0.058783 50 -0.058065 4 0.042356 0.165889 0.129432 0.042976 52 0.045571 4 -0.090523 -0.080875 -0.056227 -0.130264
50 4 22 -0.145609 4 -0.041210 0.090795 -0.134396 0.063680 45 0.023949 4 -0.079018 -0.032801 -0.055955 -0.162967 49 -0.218955 4 0.039638 -0.040068 -0.180629 0.037456 51 -0.141949 3 0.075066 0.214345 -0.065978
51 3 23 -0.074542 4 -0.048258 0.019822 -0.036357 0.017844 50 0.004764 4 0.034382 0.017332 0.225620 -0.109486 52 0.012241 4 -0.007859 0.016539 -0.078553 0.218488
52 4 49 -0.051264 4 -0.025594 -0.070647 -0.163662 0.046537 51 0.178434 3 0.025215 -0.044338 0.094408 53 -0.148979 3 0.114273 0.052789 -0.077851 54 0.023301 4 -0.044311 -0.035368 0.134895 0.132663
53 3 48 0.087976 4 0.124021 0.156605 -0.100173 -0.001446 52 0.062582 4 -0.154761 0.145263 -0.019072 0.009901 59 0.074564 4 0.079105 -0.065154 -0.012486 0.003201
54 4 24 0.016233 4 0.019190 -0.009188 0.025695 -0.005692 52 0.059257 4 0.011574 0.063616 -0.012172 -0.110646 55 -0.187414 3 0.018032 0.011055 -0.108620 58 -0.054382 4 -0.037659 0.091439 -0.080095 -0.019731
55 3 36 -0.033861 2 -0.050483 -0.123364 54 -0.125626 4 -0.129279 -0.003735 -0.018683 -0.030297 56 -0.186827 2 0.111881 0.073119
56 2 55 0.034860 3 0.130600 0.104111 0.096113 57 0.137895 3 -0.040665 -0.019500 -0.126802
57 3 56 0.031234 2 0.014595 -0.075056 58 -0.212027 4 0.028731 0.011514 0.206274 0.099594 67 -0.003140 3 -0.028696 -0.118708 -0.168342
58 4 54 -0.142709 4 0.028598 0.107691 -0.001217 -0.093795 57 -0.089170 3 -0.163659 -0.102577 0.026382 59 0.145728 4 -0.017657 -0.024635 0.196551 0.089396 65 0.020977 4 0.081792 -0.056052 0.160031 0.178899
59 4 53 0.145834 3 0.014545 0.040993 -0.066442 58 0.038900 4 -0.006618 0.078150 0.000022 0.010465 60 0.076290 4 0.150615 -0.069866 -0.069220 0.154167 64 -0.060376 4 0.003004 -0.028818 -0.085732 0.109882
60 4 48 -0.028941 4 0.034239 0.006666 -0.043631 -0.074603 59 0.037550 4 -0.064659 0.027487 0.046069 -0.086829 61 0.209472 4 0.007151 -0.151265 -0.056227 -0.045170 71 0.065331 4 -0.115784 0.016969 -0.071321 -0.062550
61 4 60 -0.095436 4 -0.046059 -0.010651 -0.050847 0.020386 62 -0.039271 3 -0.119542 0.193082 0.067531 64 0.250229 4 -0.162367 -0.027057 -0.023600 0.123746 70 -0.072254 4 0.017278 0.066143 -0.068563 0.011856
62 3 61 0.071639 4 -0.007997 -0.008132 0.067321 -0.123255 63 0.141596 3 -0.003478 0.241768 -0.028951 69 -0.027546 2 0.134083 0.006284
63 3 62 -0.022100 3 -0.115872 -0.045744 0.017536 64 0.080579 4 -0.068928 0.027694 0.115156 0.077971 66 0.025740 3 -0.117708 0.054939 0.156898
64 4 59 -0.026642 4 0.067968 0.036881 -0.156599 -0.080560 61 -0.116014 4 0.064956 0.046487 -0.021351 0.019436 63 0.168909 3 -0.068937 0.029738 -0.139937 65 -0.014623 4 0.044580 0.039278 -0.036671 0.092788
65 4 58 -0.024340 4 -0.103110 0.027698 0.035185 0.056864 64 -0.072689 4 0.128600 0.056403 0.061698 0.022051 66 -0.002004 3 -0.105050 0.001976 -0.067524 67 0.057251 3 -0.005943 0.057280 -0.084188
66 3 63 -0.081568 3 -0.033851 -0.137481 0.110804 65 0.006470 4 0.090607 -0.011169 -0.066960 -0.076183 68 0.130952 2 -0.003622 -0.042840
67 3 57 -0.156759 3 -0.230227 0.100406 -0.026633 65 -0.169824 4 -0.095011 0.065747 -0.024767 -0.148666 68 -0.064991 2 -0.059403 -0.000140
68 2 66 -0.012405 3 -0.089239 0.098813 -0.004831 67 0.020877 3 -0.046171 -0.041714 0.146192
69 2 62 -0.156601 3 -0.169564 0.014383 0.198741 70 -0.075468 4 -0.127515 0.024543 -0.094326 -0.048607
70 4 61 0.152986 4 -0.061270 -0.112857 -0.119266 0.077164 69 -0.056138 2 0.067305 0.010935 71 -0.044270 4 -0.020847 -0.082776 -0.140307 -0.130865 80 -0.047146 2 0.175399 -0.041840
71 4 41 -0.033279 3 0.020790 -0.054226 -0.081845 60 0.183436 4 0.096173 -0.081906 0.167030 -0.097168 70 -0.147704 4 -0.222367 -0.094815 -0.128048 0.052663 72 0.154827 3 -0.004887 -0.112589 -0.037367
72 3 71 -0.000107 4 -0.011675 -0.065222 0.027759 -0.007664 73 0.065095 3 0.004893 -0.067379 0.034399 74 -0.160145 3 -0.167208 -0.054233 -0.134813
73 3 72 -0.002545 3 -0.084730 0.068256 -0.012016 74 0.137610 3 0.064257 0.000551 -0.100781 76 0.044235 3 -0.036217 -0.173679 -0.189375
74 3 72 -0.009691 3 0.196175 -0.100664 -0.002645 73 0.027806 3 -0.143603 0.060834 0.035460 75 -0.156141 3 0.058784 -0.007539 -0.125626
75 3 74 -0.002690 3 0.185531 -0.193101 -0.091777 76 -0.022566 3 0.066007 -0.036344 0.060982 77 -0.161305 3 0.058650 -0.087049 0.077809
76 3 73 -0.083180 3 -0.036533 -0.111092 0.081388 75 -0.148948 3 0.097108 0.050484 -0.010990 79 0.035996 3 -0.127224 0.045676 0.035201
77 3 11 -0.061167 5 -0.029329 -0.024013 0.042723 -0.040830 0.036913 75 -0.058327 3 0.002156 0.032226 0.014193 78 0.101577 2 0.035717 0.032298
78 2 77 -0.101328 3 0.110975 0.148991 0.095212 79 -0.012855 3 -0.062039 -0.024487 -0.075496
79 3 76 0.031549 3 0.075103 0.007171 0.115143 78 -0.144773 2 -0.085782 0.082367 80 -0.026812 2 0.054508 -0.164177
80 2 70 0.098096 4 0.190174 0.058077 0.055948 0.008404 79 -0.169381 3 0.028064 0.019884 -0.102620