80
1 2 2 0.108347 3 -0.072431 0.000840 0.072167 4 -0.233702 3 -0.077378 0.078769 -0.043485
2 3 1 0.093172 2 -0.057286 0.168984 3 0.005672 2 0.038193 0.137905 5 0.211768 4 -0.226394 0.112793 -0.088210 0.035595
3 2 2 0.030439 3 -0.082185 0.016929 -0.152614 6 0.186921 4 -0.162072 -0.077083 -0.005821 -0.078464
4 3 1 -0.152424 2 0.143481 0.047767 5 0.108112 4 0.119024 0.042971 -0.201706 -0.121363 8 0.133563 3 -0.076026 0.024507 -0.048007
5 4 2 -0.205380 3 -0.037018 -0.216849 0.166559 4 -0.033466 3 0.077938 -0.180824 -0.055508 6 -0.002041 4 0.068714 0.167251 -0.067617 0.042878 9 -0.027256 4 0.035121 -0.004725 -0.118301 0.090259
6 4 3 -0.015840 2 0.010055 -0.080753 5 0.159360 4 0.100893 -0.081188 -0.160536 -0.057668 7 -0.080260 3 0.130168 0.113759 -0.047348 10 -0.011777 4 -0.059131 0.119595 0.058989 0.147805
7 3 6 0.074786 4 -0.032062 0.002866 0.135800 -0.014960 11 -0.088299 5 -0.048043 0.013934 0.025600 0.013228 -0.150479 17 0.085888 3 -0.155231 -0.033103 -0.042892
8 3 4 0.138384 3 0.167741 -0.205863 -0.043188 9 0.069268 4 -0.039253 -0.101443 -0.323081 -0.040535 12 0.090299 3 -0.069436 -0.046569 0.263721
9 4 5 -0.056269 4 0.031734 -0.107672 0.085826 -0.078764 8 0.083721 3 -0.043427 -0.077786 -0.017465 10 -0.092131 4 0.068842 0.108757 -0.056030 -0.136982 13 0.158917 4 -0.117205 -0.141590 0.135348 -0.013477
10 4 6 0.076681 4 0.138952 0.013020 -0.100275 -0.015377 9 0.142991 4 0.158556 -0.030977 -0.115065 0.196297 11 0.016671 5 0.188765 -0.003244 -0.052247 0.112665 -0.012454 14 0.077742 3 0.089532 0.058057 -0.092085
11 5 7 -0.073077 3 -0.231763 0.017470 -0.146223 10 -0.014334 4 0.002973 -0.106772 0.197253 0.086227 14 0.021120 3 0.021639 -0.108029 -0.048855 16 0.013429 3 -0.053834 0.082955 0.022036 77 -0.263038 3 0.125260 -0.103423 0.066893
12 3 8 0.014940 3 0.073792 -0.041819 -0.053791 13 -0.045020 4 -0.113545 0.003759 -0.032609 0.074661 15 -0.159308 2 0.059706 -0.196927
13 4 9 -0.230868 4 0.030384 -0.159512 0.006842 0.067257 12 -0.050929 3 -0.007299 -0.020403 -0.107644 14 -0.030113 3 -0.144397 -0.126330 -0.119345 15 -0.015468 2 0.029092 0.007136
14 3 10 0.210027 4 0.227379 -0.117094 -0.039107 -0.046952 11 -0.221815 5 0.066472 -0.259814 -0.030713 -0.121395 0.015152 13 0.054848 4 0.071818 0.086576 0.052586 -0.050568
15 2 12 0.167629 3 -0.039403 0.032393 -0.063605 13 -0.113947 4 -0.133495 -0.009229 0.094141 -0.011853
16 3 11 -0.053939 5 0.089961 0.052125 0.132421 -0.133179 -0.012690 39 -0.062339 4 -0.074790 0.009938 -0.001740 0.123581 40 0.028148 4 -0.054940 -0.011168 0.067243 0.114104
17 3 7 -0.055991 3 -0.160706 -0.006382 0.008797 19 0.005294 4 -0.002416 0.042893 0.175283 0.076570 20 -0.039782 4 -0.086177 -0.001077 0.073405 -0.041343
18 2 19 0.119374 4 -0.070163 -0.078899 -0.029402 -0.099533 35 -0.097834 3 -0.014740 0.026948 0.066466
19 4 17 -0.019751 3 0.090652 0.094732 -0.075751 18 -0.105032 2 0.030963 -0.217781 20 0.071911 4 -0.006918 -0.001584 -0.091953 -0.095789 34 0.053275 4 0.154478 -0.003912 -0.084585 -0.035363
20 4 17 0.139445 3 0.129369 0.164013 0.164410 19 0.113119 4 -0.167537 -0.068079 0.135855 0.211905 21 -0.065636 4 -0.063048 -0.168618 0.151674 0.024818 37 0.140707 3 -0.040928 0.064030 -0.085762
21 4 20 -0.081842 4 -0.071498 0.139770 0.005426 -0.044291 22 -0.126164 4 -0.100256 -0.100399 -0.101622 -0.074096 34 0.148549 4 -0.221085 0.157427 -0.009060 0.010238 45 0.008799 4 0.108340 0.029854 -0.183511 -0.057528
22 4 21 -0.203931 4 0.062716 0.203845 0.071081 -0.029998 23 -0.073420 4 -0.195352 0.039439 0.043559 -0.038550 33 0.101071 4 0.009539 0.151215 -0.053803 0.000022 50 -0.108153 4 0.096606 0.045631 0.046013 0.097990
23 4 22 -0.200375 4 -0.013785 -0.038492 -0.123959 -0.063878 24 0.078506 4 -0.117577 -0.102496 -0.044142 0.115447 29 0.053991 4 -0.085862 -0.042596 -0.025045 0.021111 51 0.114769 3 -0.019173 0.074340 0.111610
24 4 23 -0.239786 4 -0.140108 -0.023203 0.023382 -0.047653 25 -0.117941 4 0.107548 -0.093907 0.078769 0.065192 26 0.148168 3 -0.285562 -0.088194 0.090216 54 -0.068521 4 -0.159018 -0.024282 -0.162457 -0.125894
25 4 24 0.125813 4 -0.053500 0.010071 -0.139113 0.120105 26 0.083850 3 -0.005011 -0.012069 0.020618 27 0.037059 2 0.070773 -0.170927 29 0.049908 4 0.054503 -0.027852 -0.143568 0.024145
26 3 24 -0.055998 4 0.103128 -0.196074 0.095400 0.029299 25 0.128306 4 -0.153351 -0.145125 0.230084 -0.014965 36 -0.239048 2 0.021207 0.176068
27 2 25 0.025392 4 0.000370 0.056987 -0.050111 -0.020622 28 -0.031371 3 0.007410 -0.011490 -0.088451
28 3 27 0.116324 2 0.049544 0.042333 29 0.039701 4 -0.190750 -0.055516 -0.087019 0.001149 31 -0.052388 3 0.163945 -0.100301 -0.125191
29 4 23 -0.021446 4 0.113753 0.086361 -0.082456 -0.132759 25 0.164470 4 -0.056483 -0.024883 0.048283 -0.149685 28 -0.017258 3 -0.060397 0.079011 0.067739 30 0.020120 3 0.063491 0.098904 0.053289
30 3 29 0.074141 4 -0.064709 0.119193 -0.145064 -0.159898 31 0.017970 3 0.037660 0.014464 -0.079648 33 0.071245 4 0.109822 0.065747 0.025649 -0.034137
31 3 28 0.025994 3 -0.016785 -0.205539 -0.023850 30 -0.016085 3 -0.089119 -0.016827 -0.070663 32 -0.086934 3 -0.016973 0.119698 -0.013801
32 3 31 -0.033750 3 0.084329 0.118700 0.243670 33 -0.038946 4 0.091152 -0.168363 -0.128403 -0.153455 35 0.092070 3 -0.084292 0.071915 -0.043035
33 4 22 0.084301 4 -0.000967 0.057255 0.289638 0.080859 30 -0.037306 3 -0.068600 -0.106124 -0.071223 32 0.061966 3 0.013352 0.059200 -0.118322 34 -0.212693 4 0.032669 -0.101711 -0.049195 0.062685
34 4 19 -0.056553 4 -0.058285 0.063559 -0.051626 -0.026444 21 -0.074511 4 0.083440 0.022985 0.122779 0.118844 33 0.045642 4 -0.004206 0.047080 0.158296 -0.047467 35 0.125569 3 -0.018997 0.010723 0.133364
35 3 18 0.056227 2 0.087303 0.185729 32 0.059344 3 0.094176 -0.050148 0.023979 34 -0.024481 4 0.056866 0.022127 -0.055996 -0.059226
36 2 26 0.033939 3 0.123829 -0.001323 0.290952 55 -0.012584 3 -0.114211 0.020470 0.054555
37 3 20 0.053894 4 -0.124444 0.010172 0.026594 0.092608 38 0.047079 3 -0.063463 -0.065337 0.006439 44 0.257237 4 -0.144161 -0.027403 -0.087346 -0.033766
38 3 37 -0.082008 3 -0.031086 -0.145559 0.023564 39 -0.042785 4 -0.110130 -0.057345 -0.014284 0.072839 44 0.099304 4 -0.099827 0.151482 -0.170454 -0.098166
39 4 16 -0.064239 3 0.165677 -0.194208 -0.042919 38 -0.029969 3 0.049412 -0.006555 0.081783 40 -0.064925 4 0.228282 -0.054172 -0.049261 -0.117456 43 0.085223 4 0.008764 0.068291 -0.023414 -0.092945
40 4 16 0.199742 3 -0.105442 0.057231 0.007582 39 -0.059821 4 0.021890 -0.079395 -0.232131 0.114402 41 0.021518 3 0.096776 0.120517 -0.087908 42 0.051006 4 -0.037969 0.172890 -0.115956 -0.095148
41 3 40 0.174665 4 0.004370 0.051120 -0.000436 -0.114559 42 -0.203658 4 0.098209 -0.023298 -0.166584 0.076267 71 0.131438 4 -0.018348 0.019790 0.105709 0.153083
42 4 40 -0.045973 4 -0.055829 0.013474 0.125798 -0.011745 41 0.024695 3 -0.142041 0.007253 0.007794 43 -0.083327 4 -0.126633 0.035301 -0.080935 -0.084052 47 -0.038563 3 -0.007813 0.094893 0.072860
43 4 39 0.057791 4 0.107755 -0.110029 0.057976 -0.165977 42 -0.041176 4 0.222946 0.146312 -0.005197 -0.059967 44 -0.062629 4 0.029857 -0.050917 0.035901 -0.002232 46 -0.008957 4 -0.026765 0.289454 0.015373 -0.198916
44 4 37 -0.050798 3 0.144176 0.002095 0.044550 38 -0.250356 3 -0.051195 -0.077202 0.033995 43 -0.091530 4 0.019065 -0.054445 -0.019586 -0.027612 45 0.118104 4 -0.042333 -0.135088 -0.092877 0.222264
45 4 21 -0.002859 4 -0.074369 -0.234485 -0.084331 -0.100837 44 -0.017877 4 -0.106230 0.051665 0.059023 0.020501 46 0.139892 4 0.024109 -0.053024 0.010137 -0.002609 50 0.131340 4 -0.031590 0.013292 0.062904 0.192241
46 4 43 0.014071 4 0.002356 0.024381 0.067641 0.121045 45 -0.073531 4 -0.083181 0.020467 0.015625 -0.010615 47 0.254785 3 0.008372 0.124258 0.068503 49 0.116757 4 0.072340 0.046892 -0.033605 -0.179107
47 3 42 0.133842 4 0.011389 0.113339 -0.275625 -0.024538 46 -0.036395 4 0.094232 -0.002000 -0.090901 -0.156887 48 -0.181267 4 -0.111319 0.095170 -0.120938 -0.053334
48 4 47 -0.029048 3 0.080395 0.194024 0.094230 49 -0.225791 4 0.028170 0.174094 0.029932 0.232382 53 -0.010753 3 0.024926 -0.041426 -0.021413 60 -0.161617 4 0.020447 0.054639 -0.269302 -0.036732
49 4 46 0.094445 4 -0.049623 -0.053740 0.238791 0.139813 48 0.087545 4 0.104196 -0.040331 -0.015198 -0.083218 50 0.075453 4 -0.106077 -0.000966 0.070216 0.213113 52 0.006734 4 0.192725 0.146680 -0.091532 -0.019193
50 4 22 0.137242 4 0.072004 -0.035022 -0.002861 0.240098 45 -0.147380 4 -0.096914 0.184310 0.016804 0.144708 49 -0.088411 4 -0.046410 0.053311 -0.032890 -0.073076 51 -0.147019 3 -0.017525 -0.116995 -0.014216
51 3 23 -0.041302 4 -0.063756 0.213066 -0.004568 -0.060567 50 0.063737 4 0.052807 0.080292 0.109761 0.032383 52 0.005075 4 -0.000501 0.081010 -0.044604 -0.046102
52 4 49 -0.086957 4 -0.001768 0.158464 -0.028212 -0.022288 51 -0.125934 3 0.139949 -0.067835 -0.137035 53 -0.040744 3 -0.055441 -0.245998 -0.061699 54 0.010734 4 -0.136122 0.035263 -0.166012 -0.181048
53 3 48 0.012588 4 -0.018936 -0.078736 -0.150879 -0.013574 52 -0.071978 4 0.034598 0.035630 -0.038208 -0.017054 59 0.051501 4 0.118657 -0.090662 0.121782 0.075114
54 4 24 -0.052012 4 0.052278 0.186600 -0.074204 -0.085654 52 -0.013819 4 0.044485 0.108318 0.018310 0.020212 55 -0.069759 3 0.258821 0.130795 -0.208621 58 0.092980 4 -0.097266 -0.102085 0.026455 0.009130
55 3 36 0.155006 2 -0.048237 -0.009533 54 -0.059038 4 -0.088888 0.006501 -0.113654 -0.026746 56 0.133053 2 -0.010126 -0.089744
56 2 55 -0.087076 3 0.034331 0.159376 -0.130327 57 0.052100 3 -0.020108 -0.075543 0.023366
57 3 56 -0.045717 2 0.063910 0.088426 58 -0.038216 4 0.094139 -0.116771 0.238295 -0.074136 67 -0.099655 3 -0.115070 -0.298891 -0.104709
58 4 54 -0.059433 4 -0.140951 0.067525 0.116316 0.061725 57 -0.034344 3 -0.233239 0.019623 -0.006582 59 0.111596 4 -0.002526 -0.016298 0.205619 -0.157630 65 0.105552 4 -0.024996 -0.017577 0.000149 -0.050785
59 4 53 0.045028 3 0.061131 0.013485 -0.056877 58 0.058268 4 -0.206791 -0.137246 -0.029401 -0.125125 60 -0.152281 4 0.010591 0.016611 -0.058067 -0.021872 64 -0.061156 4 0.125378 -0.024513 -0.110037 0.191982
60 4 48 0.049286 4 0.302153 -0.028812 -0.089638 0.209210 59 -0.086010 4 0.136838 0.038970 0.008883 0.047634 61 0.119052 4 -0.208253 0.063478 0.184560 -0.045217 71 0.035680 4 0.107656 -0.045023 -0.205893 0.058893
61 4 60 -0.049286 4 -0.022046 -0.106728 -0.174046 0.193336 62 0.078392 3 0.011292 0.031934 -0.183105 64 0.053492 4 0.128522 -0.123755 0.113616 -0.078941 70 -0.125108 4 0.153287 -0.029297 0.073356 0.035142
62 3 61 0.100450 4 -0.067370 0.039747 0.131325 0.094659 63 -0.021762 3 0.019646 -0.107954 0.081938 69 0.057018 2 0.060439 -0.032454
63 3 62 0.056540 3 0.134192 0.088898 -0.175831 64 0.026687 4 -0.094923 0.033140 -0.043720 0.009874 66 0.049233 3 0.131457 0.042442 0.061532
64 4 59 -0.006355 4 0.032056 0.007789 -0.113108 0.048727 61 -0.009765 4 -0.042857 0.003304 0.084782 -0.138652 63 0.081515 3 -0.184476 -0.147557 -0.096549 65 -0.064436 4 -0.094089 -0.068735 -0.019982 0.000659
65 4 58 0.043277 4 0.016228 -0.025448 -0.134751 -0.104399 64 0.041410 4 -0.027867 0.141491 -0.040907 -0.013566 66 -0.095953 3 -0.089558 -0.010482 0.052661 67 -0.117976 3 -0.148038 -0.066352 0.042719
66 3 63 -0.183781 3 -0.039397 0.113668 -0.167990 65 0.043863 4 0.003800 -0.153325 -0.005220 0.012533 68 -0.110323 2 -0.252795 -0.036258
67 3 57 -0.196964 3 -0.029894 0.075349 0.051406 65 0.111364 4 0.040766 -0.054041 0.018225 0.031110 68 -0.036552 2 -0.087929 0.116735
68 2 66 -0.020874 3 -0.147764 -0.046594 0.041328 67 -0.113611 3 0.033317 -0.101029 0.005726
69 2 62 -0.072484 3 0.150672 -0.003159 -0.018264 70 0.025195 4 -0.077519 -0.052991 -0.003926 0.049785
70 4 61 -0.013179 4 -0.063948 0.066854 0.070730 -0.002248 69 0.147607 2 -0.019874 0.017901 71 0.041473 4 -0.007572 0.099741 0.170701 -0.066827 80 0.052771 2 -0.014929 -0.063544
71 4 41 -0.079864 3 -0.053271 0.013647 0.018881 60 0.044145 4 0.003453 0.138003 -0.018797 0.002443 70 0.032305 4 0.027702 -0.213411 -0.038341 -0.092411 72 0.079074 3 0.107367 -0.155215 0.127888
72 3 71 0.054198 4 0.122620 0.058327 0.162738 0.024592 73 -0.025923 3 -0.220141 -0.006740 0.013601 74 -0.022755 3 0.091397 -0.088810 0.090282
73 3 72 -0.041236 3 -0.047937 -0.048277 0.006626 74 -0.069583 3 0.057799 -0.059526 0.109045 76 -0.014120 3 -0.001488 -0.004309 -0.110817
74 3 72 0.056647 3 0.119619 0.077474 0.035596 73 0.202578 3 -0.074691 -0.104812 0.029740 75 -0.101143 3 0.054083 -0.119408 -0.172429
75 3 74 -0.067067 3 -0.052073 -0.062407 0.041840 76 0.039059 3 -0.058456 -0.058834 0.064621 77 -0.124349 3 0.045938 -0.058976 0.059216
76 3 73 -0.041967 3 -0.055362 0.059124 -0.093876 75 -0.047897 3 0.116333 0.078614 0.016653 79 0.091471 3 -0.049741 -0.021220 -0.000348
77 3 11 0.091629 5 -0.092209 -0.181129 0.080527 0.013615 -0.033376 75 0.032658 3 -0.084661 0.130588 -0.083530 78 -0.072916 2 -0.006915 -0.067085
78 2 77 -0.131014 3 0.030458 -0.014308 0.048476 79 -0.070044 3 -0.015924 0.002213 -0.095289
79 3 76 -0.094165 3 0.024427 0.142591 0.210871 78 0.203830 2 -0.099706 -0.008717 80 0.008693 2 -0.093649 0.114109
80 2 70 -0.112427 4 -0.004869 0.082010 0.026886 0.061957 79 0.105445 3 0.021673 0.035349 0.125684