80
1 2 2 0.003989 3 0.081720 0.152123 -0.039686 4 0.135604 3 -0.111273 0.122436 -0.096994
2 3 1 0.078571 2 -0.082195 0.001765 3 -0.044521 2 0.090648 -0.179977 5 -0.044744 4 -0.131819 -0.061362 -0.157058 0.198787
3 2 2 0.072290 3 -0.010107 -0.013147 0.088360 6 -0.187778 4 -0.043717 0.086719 0.050954 0.056332
4 3 1 0.161945 2 -0.092538 0.122873 5 -0.111124 4 0.121955 -0.073042 0.083471 0.222816 8 0.002307 3 -0.111584 -0.104779 0.117829
5 4 2 -0.063809 3 0.085242 -0.116740 0.010386 4 0.140952 3 -0.146413 -0.025880 -0.011139 6 -0.094565 4 -0.040686 0.054205 -0.071045 0.036375 9 -0.069088 4 -0.115342 -0.094804 -0.056972 0.000357
6 4 3 0.002984 2 0.072271 -0.031351 5 0.011295 4 -0.030046 0.133963 -0.016057 0.106991 7 -0.014404 3 0.043371 0.014769 -0.043627 10 -0.046105 4 -0.048925 -0.058702 0.023465 -0.165793
7 3 6 -0.110199 4 -0.003667 0.037254 0.037346 0.206509 11 -0.057063 5 -0.132551 -0.124329 0.093493 -0.060381 0.128330 17 -0.019757 3 -0.033453 -0.045315 0.012949
8 3 4 0.058431 3 0.077629 -0.040454 -0.010797 9 -0.072855 4 -0.108424 0.051753 -0.088135 -0.151240 12 0.045913 3 0.096574 0.009852 -0.034752
9 4 5 -0.079356 4 -0.036277 -0.069081 0.105526 0.073309 8 0.098286 3 0.028075 -0.047447 0.119225 10 -0.103448 4 -0.062392 0.039983 -0.101123 -0.040967 13 -0.043877 4 -0.046848 0.072835 0.022885 -0.025450
10 4 6 -0.125098 4 -0.065204 -0.065320 0.052658 -0.103171 9 0.015683 4 -0.175129 -0.069256 0.178152 0.131378 11 0.033421 5 0.082240 -0.033751 -0.011840 -0.019282 0.097930 14 0.012926 3 -0.075978 0.023692 0.196413
11 5 7 0.074771 3 -0.065624 0.051505 -0.122693 10 -0.016777 4 0.058349 0.067374 0.097693 0.073105 14 0.033274 3 0.098032 -0.084683 0.092442 16 0.088383 3 -0.103977 -0.162926 0.034051 77 0.075179 3 -0.164328 0.031577 -0.144558
12 3 8 -0.064770 3 0.041472 -0.090011 -0.017064 13 0.094460 4 0.126443 -0.105096 -0.056867 -0.001258 15 -0.016175 2 -0.034383 -0.023602
13 4 9 -0.007869 4 0.066564 0.028406 -0.054124 -0.197976 12 -0.016345 3 0.062290 -0.026402 -0.021063 14 -0.026490 3 0.164065 0.061920 -0.031743 15 -0.150335 2 0.005809 0.068110
14 3 10 -0.050441 4 0.102305 -0.132579 0.094850 -0.161338 11 0.173523 5 -0.057504 -0.170349 0.064340 0.002274 -0.022085 13 -0.141446 4 -0.088535 0.015948 0.177243 -0.121187
15 2 12 0.013818 3 0.077795 -0.034148 -0.183892 13 -0.040318 4 -0.140468 -0.054789 -0.013971 0.058575
16 3 11 0.120889 5 0.058044 -0.059031 0.044943 0.016310 -0.158283 39 0.013720 4 -0.037304 0.128590 0.057473 -0.159736 40 0.030695 4 0.004207 -0.162897 0.023502 -0.103894
17 3 7 -0.023387 3 -0.009998 0.229678 -0.065977 19 -0.057240 4 0.034961 0.024532 0.021744 0.003480 20 0.038485 4 0.015188 0.019675 0.025886 -0.235712
18 2 19 -0.048471 4 -0.028638 -0.092544 0.017620 0.007931 35 -0.186340 3 -0.133476 0.081286 0.084263
19 4 17 0.078491 3 -0.068100 -0.106908 -0.198088 18 0.114261 2 0.010374 0.098350 20 0.118271 4 -0.202980 -0.012131 -0.115304 0.001026 34 -0.045222 4 0.041791 0.003312 0.005743 0.226456
20 4 17 -0.026131 3 -0.069736 0.098424 -0.050251 19 -0.057109 4 0.138484 0.221914 0.213758 -0.109016 21 -0.008220 4 0.135890 0.134473 0.122439 -0.201411 37 0.122533 3 0.104459 -0.139266 -0.173109
21 4 20 0.074477 4 -0.068043 0.039737 0.029385 0.088969 22 0.082253 4 0.011245 0.038295 0.192379 -0.093237 34 -0.024090 4 0.060687 0.183391 -0.187412 0.289160 45 -0.025761 4 0.128320 0.088311 0.027780 0.142621
22 4 21 -0.194812 4 0.085325 -0.017247 0.088550 -0.085072 23 0.026104 4 -0.104534 -0.058092 -0.179513 0.054874 33 0.068715 4 0.107741 0.072995 0.090794 0.187308 50 -0.159121 4 0.158736 0.031548 0.174690 0.047360
23 4 22 -0.013406 4 0.015753 -0.153302 -0.011959 0.114186 24 0.145913 4 0.056572 -0.018324 -0.027291 -0.050338 29 0.057443 4 -0.087666 -0.031869 0.019946 -0.029272 51 0.140059 3 0.049141 -0.080691 0.011711
24 4 23 0.029701 4 -0.028149 -0.064335 -0.013470 -0.047348 25 0.081063 4 -0.206389 -0.004936 0.095374 -0.080668 26 -0.021384 3 -0.004380 -0.025721 -0.038377 54 0.158180 4 0.000468 -0.136768 -0.017163 -0.006993
25 4 24 -0.015898 4 0.007316 -0.037924 -0.287983 -0.102507 26 0.072137 3 -0.114372 -0.060791 -0.141122 27 -0.056109 2 -0.001464 0.178307 29 0.232763 4 -0.040475 -0.243650 0.093210 0.063712
26 3 24 0.025476 4 -0.166639 -0.091965 0.021978 -0.085542 25 0.219526 4 0.159440 0.089695 -0.131266 -0.056621 36 -0.089276 2 -0.109633 -0.099484
27 2 25 0.004695 4 0.037685 0.187011 -0.001169 0.022450 28 0.009271 3 0.017366 0.071205 0.206901
28 3 27 0.057380 2 -0.022652 0.193732 29 0.086205 4 -0.086989 -0.101355 -0.100851 0.150988 31 -0.002222 3 -0.024585 -0.102201 0.019542
29 4 23 -0.083011 4 -0.057020 0.021609 -0.056463 -0.026280 25 0.083463 4 -0.048334 -0.036866 0.093958 -0.117565 28 0.006977 3 -0.095061 -0.071431 0.093828 30 0.030278 3 -0.012613 -0.068912 0.031223
30 3 29 0.008918 4 -0.005177 -0.086206 -0.156882 0.058361 31 -0.011974 3 0.068923 -0.038303 -0.052053 33 0.060089 4 -0.142916 -0.229221 -0.108889 -0.219203
31 3 28 -0.025108 3 0.018429 0.108813 0.116443 30 0.069056 3 -0.101802 0.076897 -0.078139 32 0.052002 3 0.084507 0.000580 -0.150082
32 3 31 0.183609 3 0.125803 -0.074494 0.126486 33 -0.201356 4 0.057026 0.133361 0.089733 0.038540 35 0.041261 3 0.060329 0.032954 -0.036244
33 4 22 -0.123542 4 0.042155 -0.054936 -0.059318 -0.022747 30 -0.010917 3 -0.138125 0.131950 -0.043819 32 0.081261 3 -0.138074 -0.046128 0.167563 34 -0.006458 4 -0.138637 0.031483 0.060258 0.082840
34 4 19 0.083002 4 -0.144277 0.035765 0.094910 -0.170857 21 -0.158554 4 -0.101972 0.016746 0.038863 -0.022514 33 0.135986 4 -0.035683 -0.040449 -0.018764 0.066666 35 -0.051133 3 -0.051659 0.155986 0.010048
35 3 18 -0.080941 2 0.081148 -0.019043 32 -0.089702 3 0.024755 0.147904 -0.130358 34 -0.298088 4 -0.076780 0.061714 -0.112745 -0.039787
36 2 26 0.055564 3 -0.030855 -0.019507 -0.093743 55 0.038693 3 -0.083667 -0.017976 0.115231
37 3 20 -0.014114 4 0.086525 0.077653 0.023695 -0.095585 38 -0.012697 3 0.052524 0.242946 0.160349 44 0.040763 4 0.099349 0.210967 -0.028514 -0.108687
38 3 37 0.007935 3 0.054537 0.193909 -0.109619 39 0.026972 4 0.195067 0.074276 -0.019642 -0.063669 44 -0.122844 4 0.049861 -0.055114 0.105500 0.000736
39 4 16 0.019646 3 -0.042513 -0.080297 -0.105301 38 0.136674 3 -0.008129 -0.152151 0.048587 40 0.175815 4 -0.145232 -0.143899 0.165160 0.030166 43 0.046944 4 0.196396 -0.015835 0.097230 -0.169106
40 4 16 -0.032650 3 -0.153867 -0.035987 0.070321 39 -0.028013 4 0.022845 -0.266909 -0.018136 -0.125259 41 0.010106 3 0.107485 0.071552 -0.217820 42 -0.044228 4 -0.034267 -0.135002 -0.018610 -0.189647
41 3 40 0.156231 4 -0.114702 0.195544 -0.140657 -0.072288 42 0.107887 4 -0.079323 -0.023035 0.030568 -0.012574 71 -0.087257 4 -0.005739 -0.026645 0.050051 0.000398
42 4 40 0.015666 4 -0.188386 0.292391 0.008013 0.056588 41 -0.098864 3 0.089889 -0.001248 0.096949 43 0.132208 4 0.216968 0.023063 0.038271 0.105241 47 0.095213 3 -0.044592 0.113559 0.027606
43 4 39 -0.104561 4 0.010449 0.145438 0.007309 -0.100363 42 0.142610 4 -0.062199 0.056885 -0.102113 -0.047410 44 0.026706 4 -0.154266 -0.214493 -0.058614 0.014155 46 -0.049815 4 0.028346 0.080363 0.201697 0.075401
44 4 37 0.015283 3 0.167458 0.073163 -0.108272 38 -0.076279 3 -0.053791 -0.045558 -0.060280 43 -0.028919 4 -0.033498 -0.025477 -0.118328 -0.023816 45 -0.091387 4 0.058925 0.073442 -0.061358 0.028990
45 4 21 -0.037036 4 0.027136 -0.181313 0.032462 -0.100471 44 0.015635 4 -0.060732 0.001370 -0.009043 0.014968 46 -0.026521 4 -0.024251 0.056674 -0.056105 0.020316 50 0.030057 4 0.100884 -0.019220 -0.134111 0.067587
46 4 43 -0.188391 4 -0.025878 0.055012 0.084306 0.083251 45 0.043987 4 0.104935 -0.042482 -0.101040 0.122422 47 -0.001095 3 0.056935 0.015155 0.164884 49 0.181158 4 -0.047739 0.185962 -0.103252 0.281982
47 3 42 0.044582 4 -0.135785 -0.049097 -0.006044 -0.000688 46 -0.070522 4 0.037641 -0.117920 -0.061813 -0.142018 48 -0.014521 4 0.132610 -0.132625 -0.106389 -0.029024
48 4 47 0.061360 3 -0.024328 -0.141479 0.143766 49 0.187603 4 -0.104483 0.010176 -0.073893 -0.062961 53 0.052691 3 0.217092 0.066911 -0.001084 60 -0.048974 4 0.133665 -0.020688 0.038387 0.020125
49 4 46 -0.083980 4 0.034322 -0.082825 -0.026676 0.001247 48 -0.002406 4 0.062600 -0.074734 0.100099 -0.030810 50 -0.117730 4 -0.187332 -0.008231 0.072351 -0.081746 52 0.055850 4 0.172719 -0.034716 0.056068 -0.109820
50 4 22 0.007718 4 -0.034266 -0.046953 0.065964 -0.197606 45 -0.128055 4 0.133327 -0.090749 -0.137481 0.005288 49 0.071102 4 0.148775 0.070535 -0.239690 -0.007870 51 -0.058751 3 -0.165604 0.143977 -0.097146
51 3 23 0.128695 4 0.029454 0.116056 0.139437 -0.036868 50 0.153912 4 -0.093260 0.023829 -0.100765 -0.115959 52 -0.001485 4 -0.050891 0.009895 0.132600 0.105969
52 4 49 -0.039164 4 -0.095510 0.219394 0.046282 -0.051966 51 0.089098 3 0.003784 0.073244 0.023236 53 -0.002840 3 -0.142962 -0.034539 0.078397 54 -0.050466 4 -0.051460 0.011368 0.089353 -0.125745
53 3 48 -0.006826 4 0.116737 0.133294 0.025790 0.118468 52 -0.030272 4 0.030892 -0.145663 0.112193 -0.029562 59 -0.004333 4 -0.003539 -0.091016 0.061665 0.111614
54 4 24 -0.140497 4 -0.025942 -0.158914 -0.016231 -0.080036 52 -0.074007 4 0.045485 0.251748 0.064933 0.103090 55 0.023286 3 0.104981 0.075510 -0.098998 58 -0.006216 4 -0.008152 -0.020460 -0.021325 0.156810
55 3 36 0.019996 2 -0.066173 0.050498 54 0.136474 4 -0.070034 -0.049118 0.077464 -0.089090 56 -0.150382 2 0.184034 -0.137462
56 2 55 -0.010164 3 -0.082061 0.018721 0.132841 57 0.157875 3 -0.010726 0.141104 0.088138
57 3 56 0.135979 2 -0.076746 -0.033442 58 -0.171570 4 -0.014423 -0.002925 -0.054372 0.122970 67 -0.001334 3 -0.160013 -0.177679 0.099501
58 4 54 -0.118608 4 0.122065 0.032069 -0.116343 0.059964 57 -0.123773 3 -0.105644 -0.028721 -0.092133 59 -0.055922 4 -0.168172 0.070555 0.134043 -0.024796 65 -0.083859 4 0.056120 0.192190 0.091773 0.028388
59 4 53 -0.086078 3 0.207967 0.044816 0.088433 58 0.038733 4 -0.057761 0.025395 -0.041300 -0.070932 60 0.011770 4 -0.015409 0.075127 0.006068 0.050285 64 -0.106123 4 0.005095 -0.009270 -0.155318 0.110925
60 4 48 -0.056092 4 0.039900 0.062889 0.106765 -0.226250 59 0.237319 4 -0.110993 0.056481 0.122875 -0.015288 61 0.001737 4 0.078479 -0.050150 -0.091605 -0.096903 71 0.050362 4 -0.306298 0.005109 -0.020065 0.042159
61 4 60 0.125129 4 0.051529 0.022395 -0.054282 0.111906 62 0.137159 3 0.103774 -0.080154 -0.163614 64 0.169965 4 0.043655 -0.098334 -0.037273 0.009166 70 0.011506 4 0.003612 -0.106202 0.064796 -0.090102
62 3 61 0.086454 4 -0.200333 -0.013288 0.023374 -0.026693 63 -0.078348 3 0.003136 -0.219674 -0.112591 69 0.025693 2 -0.054535 -0.098584
63 3 62 -0.293234 3 0.011871 0.106790 -0.011330 64 -0.050916 4 0.001410 0.028253 -0.101684 -0.011720 66 -0.080745 3 0.006283 -0.112274 0.148229
64 4 59 -0.072742 4 -0.125686 0.137279 0.095872 0.181642 61 -0.054206 4 0.065562 0.089275 0.042406 0.057025 63 0.044467 3 -0.158819 0.068660 -0.046289 65 0.019569 4 -0.004128 0.050544 -0.073545 -0.013660
65 4 58 0.034758 4 -0.049870 -0.087156 -0.083336 0.095642 64 0.028462 4 -0.194526 -0.239204 -0.101219 0.046452 66 -0.200965 3 -0.113656 -0.089419 -0.012153 67 -0.023277 3 0.080646 0.035293 -0.028839
66 3 63 -0.005131 3 0.200388 -0.005401 0.252998 65 -0.017209 4 0.084421 -0.094216 -0.080713 -0.102425 68 0.067097 2 -0.068086 -0.121227
67 3 57 0.072091 3 0.125676 -0.021212 0.093338 65 -0.096763 4 0.053362 0.006580 0.098615 0.010839 68 -0.102605 2 0.085913 0.140019
68 2 66 -0.008347 3 -0.216334 -0.081901 0.083104 67 0.115442 3 0.011101 -0.056646 -0.033304
69 2 62 -0.002267 3 -0.062433 0.058907 0.026431 70 -0.009462 4 0.020791 -0.020117 0.079821 0.113696
70 4 61 0.019730 4 0.002583 -0.111381 0.004253 0.093605 69 0.111411 2 -0.113520 0.023160 71 -0.089979 4 -0.073401 0.027653 -0.121169 0.006033 80 0.089741 2 -0.164222 -0.030183
71 4 41 0.109006 3 0.021392 0.123287 -0.113829 60 -0.143485 4 -0.152727 -0.141998 0.103169 0.065764 70 -0.095681 4 0.020575 0.032589 -0.095827 -0.107736 72 -0.024802 3 0.025655 -0.062084 -0.070932
72 3 71 -0.022895 4 0.192279 0.246136 -0.182620 0.130839 73 0.184466 3 -0.084963 -0.069703 0.066741 74 -0.104956 3 -0.049024 0.073484 -0.103453
73 3 72 0.026209 3 -0.088668 0.032090 0.071063 74 -0.020291 3 -0.007024 -0.068511 0.042432 76 0.145975 3 -0.016674 -0.000155 0.116250
74 3 72 -0.028942 3 0.074745 0.071568 -0.244810 73 0.261518 3 0.078758 0.023773 0.061092 75 -0.220131 3 -0.024949 -0.048511 -0.203491
75 3 74 -0.001450 3 0.012039 0.068704 -0.049895 76 -0.113366 3 0.181650 -0.255611 -0.034403 77 -0.131462 3 0.000646 -0.133769 0.046525
76 3 73 0.070563 3 -0.054455 0.266793 -0.007215 75 0.050349 3 -0.039464 -0.077759 -0.119637 79 -0.081792 3 -0.065627 -0.045551 -0.029615
77 3 11 -0.079360 5 -0.103814 0.107061 0.053125 0.005258 0.171751 75 -0.180661 3 -0.037231 -0.003613 -0.096823 78 -0.053357 2 0.065212 0.232249
78 2 77 0.093453 3 0.103725 -0.052706 -0.055852 79 -0.141299 3 0.012866 0.115438 -0.078165
79 3 76 0.072452 3 -0.012263 -0.007070 0.011508 78 0.184441 2 -0.012220 -0.110315 80 0.028688 2 0.048306 0.141847
80 2 70 0.030667 4 -0.151117 0.110864 -0.085641 0.057229 79 0.009714 3 0.082718 0.077643 0.136864