80
1 120.205728 30.200942 2 2 104.285714 -1 3 99999.000000 25.000000 5.000000 4 101.428571 -1 3 99999.000000 65.000000 25.000000
2 120.213333 30.201855 3 1 104.285714 -1 2 99999.000000 65.000000 3 157.142857 -1 2 99999.000000 5.000000 5 77.142857 -1 4 99999.000000 5.000000 65.000000 25.000000
3 120.224743 30.202795 2 2 157.142857 -1 3 25.000000 99999.000000 65.000000 6 84.285714 -1 4 99999.000000 5.000000 65.000000 25.000000
4 120.206102 30.194623 3 1 101.428571 -1 2 5.000000 99999.000000 5 110.000000 -1 4 65.000000 99999.000000 25.000000 5.000000 8 84.285714 -1 3 99999.000000 65.000000 25.000000
5 120.213625 30.197016 4 2 77.142857 -1 3 65.000000 5.000000 99999.000000 4 110.000000 -1 3 5.000000 99999.000000 65.000000 6 142.857143 -1 4 65.000000 99999.000000 25.000000 5.000000 9 122.857143 -1 4 99999.000000 5.000000 65.000000 25.000000
6 120.224561 30.197321 4 3 84.285714 -1 2 65.000000 99999.000000 5 142.857143 -1 4 5.000000 25.000000 99999.000000 65.000000 7 75.714286 -1 3 99999.000000 5.000000 25.000000 10 157.142857 -1 4 99999.000000 5.000000 65.000000 25.000000
7 120.230183 30.197003 3 6 75.714286 -1 4 5.000000 25.000000 99999.000000 65.000000 11 185.714286 -1 5 99999.000000 5.000000 5.000000 65.000000 25.000000 17 100.000000 -1 3 99999.000000 25.000000 25.000000
8 120.206360 30.189272 3 4 84.285714 -1 3 25.000000 5.000000 99999.000000 9 97.142857 -1 4 65.000000 99999.000000 25.000000 5.000000 12 85.714286 -1 3 99999.000000 65.000000 25.000000
9 120.213560 30.189385 4 5 122.857143 -1 4 25.000000 65.000000 5.000000 99999.000000 8 97.142857 -1 3 5.000000 99999.000000 65.000000 10 128.571429 -1 4 65.000000 99999.000000 25.000000 5.000000 13 82.857143 -1 4 99999.000000 5.000000 65.000000 5.000000
10 120.222705 30.187868 4 6 157.142857 -1 4 25.000000 65.000000 5.000000 99999.000000 9 128.571429 -1 4 5.000000 25.000000 99999.000000 65.000000 11 92.857143 -1 5 65.000000 99999.000000 5.000000 25.000000 5.000000 14 58.571429 -1 3 99999.000000 65.000000 5.000000
11 120.229085 30.185680 5 7 185.714286 -1 3 65.000000 99999.000000 5.000000 10 92.857143 -1 4 5.000000 25.000000 99999.000000 65.000000 14 101.428571 -1 3 5.000000 99999.000000 25.000000 16 28.571429 -1 3 99999.000000 25.000000 25.000000 77 342.857143 -1 3 99999.000000 65.000000 25.000000
12 120.206449 30.183973 3 8 85.714286 -1 3 25.000000 5.000000 99999.000000 13 92.857143 -1 4 65.000000 99999.000000 25.000000 5.000000 15 82.857143 -1 2 99999.000000 65.000000
13 120.213503 30.183995 4 9 82.857143 -1 4 25.000000 65.000000 5.000000 99999.000000 12 92.857143 -1 3 5.000000 99999.000000 65.000000 14 114.285714 -1 3 65.000000 25.000000 99999.000000 15 171.428571 -1 2 5.000000 99999.000000
14 120.221835 30.184206 3 10 58.571429 -1 4 25.000000 65.000000 5.000000 99999.000000 11 101.428571 -1 5 65.000000 65.000000 99999.000000 25.000000 5.000000 13 114.285714 -1 4 5.000000 25.000000 99999.000000 25.000000
15 120.206743 30.178759 2 12 82.857143 -1 3 25.000000 5.000000 99999.000000 13 171.428571 -1 4 65.000000 65.000000 25.000000 99999.000000
16 120.232064 30.184994 3 11 28.571429 -1 5 5.000000 25.000000 25.000000 99999.000000 65.000000 39 171.428571 -1 4 99999.000000 65.000000 5.000000 25.000000 40 185.714286 -1 4 99999.000000 65.000000 25.000000 25.000000
17 120.237621 30.196875 3 7 100.000000 -1 3 25.000000 65.000000 99999.000000 19 171.428571 -1 4 99999.000000 65.000000 5.000000 25.000000 20 171.428571 -1 4 99999.000000 65.000000 25.000000 5.000000
18 120.249955 30.202088 2 19 85.714286 -1 4 5.000000 99999.000000 25.000000 65.000000 35 75.714286 -1 3 99999.000000 25.000000 5.000000
19 120.249568 30.196664 4 17 171.428571 -1 3 25.000000 99999.000000 65.000000 18 85.714286 -1 2 99999.000000 5.000000 20 41.428571 -1 4 5.000000 99999.000000 65.000000 25.000000 34 77.142857 -1 4 99999.000000 5.000000 25.000000 65.000000
20 120.249062 30.193964 4 17 171.428571 -1 3 25.000000 5.000000 99999.000000 19 41.428571 -1 4 65.000000 25.000000 99999.000000 5.000000 21 82.857143 -1 4 99999.000000 25.000000 65.000000 5.000000 37 50.000000 -1 3 99999.000000 5.000000 25.000000
21 120.255177 30.193810 4 20 82.857143 -1 4 25.000000 5.000000 99999.000000 65.000000 22 87.142857 -1 4 99999.000000 25.000000 65.000000 5.000000 34 42.857143 -1 4 65.000000 99999.000000 5.000000 25.000000 45 95.714286 -1 4 99999.000000 5.000000 25.000000 65.000000
22 120.261582 30.193581 4 21 87.142857 -1 4 25.000000 99999.000000 5.000000 65.000000 23 171.428571 -1 4 99999.000000 25.000000 65.000000 5.000000 33 42.857143 -1 4 99999.000000 5.000000 25.000000 65.000000 50 92.857143 -1 4 99999.000000 5.000000 25.000000 65.000000
23 120.273590 30.193287 4 22 171.428571 -1 4 25.000000 99999.000000 5.000000 65.000000 24 94.285714 -1 4 99999.000000 65.000000 25.000000 5.000000 29 41.428571 -1 4 99999.000000 5.000000 25.000000 65.000000 51 91.428571 -1 3 99999.000000 5.000000 25.000000
24 120.280711 30.193090 4 23 94.285714 -1 4 25.000000 99999.000000 5.000000 65.000000 25 40.000000 -1 4 99999.000000 5.000000 25.000000 65.000000 26 54.285714 -1 3 99999.000000 65.000000 25.000000 54 157.142857 -1 4 99999.000000 5.000000 65.000000 25.000000
25 120.280823 30.195670 4 24 40.000000 -1 4 5.000000 99999.000000 65.000000 25.000000 26 72.857143 -1 3 5.000000 99999.000000 25.000000 27 74.285714 -1 2 99999.000000 65.000000 29 91.428571 -1 4 65.000000 99999.000000 5.000000 25.000000
26 120.284869 30.193094 3 24 54.285714 -1 4 25.000000 5.000000 99999.000000 65.000000 25 72.857143 -1 4 65.000000 99999.000000 5.000000 25.000000 36 285.714286 -1 2 99999.000000 5.000000
27 120.281049 30.200417 2 25 74.285714 -1 4 25.000000 65.000000 99999.000000 5.000000 28 84.285714 -1 3 99999.000000 65.000000 25.000000
28 120.274905 30.200840 3 27 84.285714 -1 2 5.000000 99999.000000 29 78.571429 -1 4 25.000000 65.000000 99999.000000 5.000000 31 85.714286 -1 3 99999.000000 65.000000 25.000000
29 120.274060 30.196048 4 23 41.428571 -1 4 5.000000 65.000000 99999.000000 25.000000 25 91.428571 -1 4 5.000000 25.000000 65.000000 99999.000000 28 78.571429 -1 3 5.000000 99999.000000 65.000000 30 85.714286 -1 3 99999.000000 5.000000 25.000000
30 120.267877 30.196370 3 29 85.714286 -1 4 5.000000 25.000000 65.000000 99999.000000 31 81.428571 -1 3 5.000000 99999.000000 65.000000 33 78.571429 -1 4 65.000000 99999.000000 5.000000 25.000000
31 120.268765 30.201418 3 28 85.714286 -1 3 25.000000 5.000000 99999.000000 30 81.428571 -1 3 65.000000 99999.000000 5.000000 32 77.142857 -1 3 99999.000000 65.000000 25.000000
32 120.262972 30.201895 3 31 77.142857 -1 3 25.000000 5.000000 99999.000000 33 85.714286 -1 4 25.000000 65.000000 99999.000000 5.000000 35 98.571429 -1 3 25.000000 99999.000000 65.000000
33 120.262002 30.196479 4 22 42.857143 -1 4 5.000000 65.000000 99999.000000 25.000000 30 78.571429 -1 3 25.000000 65.000000 99999.000000 32 85.714286 -1 3 5.000000 99999.000000 65.000000 34 94.285714 -1 4 25.000000 65.000000 99999.000000 5.000000
34 120.255286 30.196584 4 19 77.142857 -1 4 25.000000 5.000000 65.000000 99999.000000 21 42.857143 -1 4 5.000000 65.000000 99999.000000 25.000000 33 94.285714 -1 4 5.000000 25.000000 65.000000 99999.000000 35 85.714286 -1 3 65.000000 5.000000 99999.000000
35 120.255649 30.202019 3 18 75.714286 -1 2 65.000000 99999.000000 32 98.571429 -1 3 25.000000 5.000000 99999.000000 34 85.714286 -1 4 5.000000 25.000000 65.000000 99999.000000
36 120.305774 30.192310 2 26 285.714286 -1 3 25.000000 25.000000 99999.000000 55 171.428571 -1 3 99999.000000 5.000000 25.000000
37 120.248487 30.190874 3 20 50.000000 -1 4 65.000000 25.000000 5.000000 99999.000000 38 102.857143 -1 3 99999.000000 65.000000 65.000000 44 47.142857 -1 4 99999.000000 5.000000 25.000000 65.000000
38 120.243924 30.188089 3 37 102.857143 -1 3 65.000000 99999.000000 5.000000 39 57.142857 -1 4 5.000000 99999.000000 25.000000 65.000000 44 61.142857 -1 4 65.000000 99999.000000 5.000000 25.000000
39 120.243813 30.184489 4 16 171.428571 -1 3 25.000000 99999.000000 65.000000 38 57.142857 -1 3 5.000000 99999.000000 5.000000 40 71.428571 -1 4 5.000000 99999.000000 65.000000 65.000000 43 70.000000 -1 4 99999.000000 5.000000 65.000000 25.000000
40 120.243802 30.180070 4 16 185.714286 -1 3 25.000000 5.000000 99999.000000 39 71.428571 -1 4 65.000000 25.000000 99999.000000 5.000000 41 95.714286 -1 3 99999.000000 65.000000 25.000000 42 71.428571 -1 4 99999.000000 5.000000 65.000000 25.000000
41 120.249082 30.176310 3 40 95.714286 -1 4 25.000000 5.000000 99999.000000 5.000000 42 62.857143 -1 4 65.000000 99999.000000 25.000000 5.000000 71 200.000000 -1 4 99999.000000 25.000000 5.000000 5.000000
42 120.249117 30.179944 4 40 71.428571 -1 4 25.000000 5.000000 65.000000 99999.000000 41 62.857143 -1 3 5.000000 99999.000000 65.000000 43 65.714286 -1 4 65.000000 99999.000000 25.000000 5.000000 47 98.571429 -1 3 99999.000000 65.000000 25.000000
43 120.248947 30.184127 4 39 70.000000 -1 4 25.000000 5.000000 65.000000 99999.000000 42 65.714286 -1 4 5.000000 25.000000 99999.000000 65.000000 44 60.714286 -1 4 25.000000 65.000000 99999.000000 5.000000 46 101.428571 -1 4 99999.000000 65.000000 5.000000 25.000000
44 120.248489 30.188034 4 37 47.142857 -1 3 25.000000 65.000000 99999.000000 38 61.142857 -1 3 5.000000 65.000000 99999.000000 43 60.714286 -1 4 5.000000 25.000000 99999.000000 65.000000 45 102.857143 -1 4 65.000000 99999.000000 5.000000 25.000000
45 120.256001 30.187949 4 21 95.714286 -1 4 65.000000 5.000000 25.000000 99999.000000 44 102.857143 -1 4 5.000000 25.000000 65.000000 99999.000000 46 67.142857 -1 4 5.000000 99999.000000 25.000000 65.000000 50 80.000000 -1 4 65.000000 99999.000000 5.000000 25.000000
46 120.256183 30.183713 4 43 101.428571 -1 4 25.000000 65.000000 5.000000 99999.000000 45 67.142857 -1 4 25.000000 65.000000 99999.000000 5.000000 47 60.000000 -1 3 5.000000 99999.000000 65.000000 49 83.571429 -1 4 99999.000000 5.000000 65.000000 25.000000
47 120.256258 30.179903 3 42 98.571429 -1 4 25.000000 65.000000 5.000000 99999.000000 46 60.000000 -1 4 65.000000 25.000000 99999.000000 5.000000 48 88.571429 -1 4 99999.000000 65.000000 25.000000 5.000000
48 120.262468 30.179149 4 47 88.571429 -1 3 25.000000 5.000000 99999.000000 49 68.571429 -1 4 65.000000 99999.000000 25.000000 5.000000 53 142.857143 -1 3 99999.000000 65.000000 5.000000 60 185.714286 -1 4 99999.000000 65.000000 25.000000 5.000000
49 120.262241 30.183609 4 46 83.571429 -1 4 25.000000 5.000000 65.000000 99999.000000 48 68.571429 -1 4 5.000000 99999.000000 65.000000 25.000000 50 71.428571 -1 4 25.000000 65.000000 99999.000000 5.000000 52 157.142857 -1 4 99999.000000 65.000000 5.000000 25.000000
50 120.261735 30.187839 4 22 92.857143 -1 4 65.000000 5.000000 25.000000 99999.000000 45 80.000000 -1 4 5.000000 25.000000 65.000000 99999.000000 49 71.428571 -1 4 5.000000 25.000000 99999.000000 65.000000 51 157.142857 -1 3 65.000000 99999.000000 5.000000
51 120.273143 30.187502 3 23 91.428571 -1 4 65.000000 5.000000 25.000000 99999.000000 50 157.142857 -1 4 5.000000 25.000000 65.000000 99999.000000 52 70.000000 -1 4 5.000000 99999.000000 25.000000 65.000000
52 120.273328 30.183215 4 49 157.142857 -1 4 25.000000 65.000000 5.000000 99999.000000 51 70.000000 -1 3 25.000000 65.000000 99999.000000 53 48.571429 -1 3 5.000000 99999.000000 25.000000 54 99.285714 -1 4 65.000000 99999.000000 25.000000 5.000000
53 120.273073 30.180122 3 48 142.857143 -1 4 25.000000 5.000000 99999.000000 65.000000 52 48.571429 -1 4 65.000000 25.000000 99999.000000 5.000000 59 214.285714 -1 4 99999.000000 65.000000 5.000000 25.000000
54 120.280554 30.182879 4 24 157.142857 -1 4 65.000000 25.000000 5.000000 99999.000000 52 99.285714 -1 4 25.000000 5.000000 65.000000 99999.000000 55 342.857143 -1 3 65.000000 99999.000000 5.000000 58 271.428571 -1 4 99999.000000 65.000000 5.000000 25.000000
55 120.304726 30.181650 3 36 171.428571 -1 2 65.000000 99999.000000 54 342.857143 -1 4 5.000000 25.000000 99999.000000 65.000000 56 200.000000 -1 2 99999.000000 5.000000
56 120.303997 30.168899 2 55 200.000000 -1 3 25.000000 65.000000 99999.000000 57 242.857143 -1 3 99999.000000 25.000000 65.000000
57 120.287234 30.166579 3 56 242.857143 -1 2 65.000000 99999.000000 58 93.571429 -1 4 5.000000 99999.000000 25.000000 65.000000 67 67.142857 -1 3 99999.000000 5.000000 25.000000
58 120.280972 30.166334 4 54 271.428571 -1 4 25.000000 65.000000 5.000000 99999.000000 57 93.571429 -1 3 25.000000 99999.000000 5.000000 59 85.714286 -1 4 5.000000 99999.000000 25.000000 65.000000 65 65.714286 -1 4 99999.000000 5.000000 25.000000 65.000000
59 120.274952 30.167303 4 53 214.285714 -1 3 65.000000 25.000000 99999.000000 58 85.714286 -1 4 65.000000 25.000000 99999.000000 5.000000 60 157.142857 -1 4 5.000000 99999.000000 65.000000 25.000000 64 80.000000 -1 4 99999.000000 5.000000 25.000000 65.000000
60 120.262907 30.167320 4 48 185.714286 -1 4 65.000000 25.000000 5.000000 99999.000000 59 157.142857 -1 4 65.000000 25.000000 99999.000000 5.000000 61 76.428571 -1 4 99999.000000 25.000000 65.000000 5.000000 71 57.142857 -1 4 25.000000 99999.000000 65.000000 25.000000
61 120.263007 30.162204 4 60 76.428571 -1 4 25.000000 5.000000 99999.000000 65.000000 62 65.714286 -1 3 99999.000000 65.000000 5.000000 64 157.142857 -1 4 65.000000 99999.000000 5.000000 25.000000 70 69.285714 -1 4 99999.000000 65.000000 5.000000 25.000000
62 120.263032 30.158229 3 61 65.714286 -1 4 25.000000 99999.000000 5.000000 65.000000 63 157.142857 -1 3 99999.000000 65.000000 25.000000 69 78.571429 -1 2 99999.000000 5.000000
63 120.275064 30.158160 3 62 157.142857 -1 3 5.000000 99999.000000 25.000000 64 66.428571 -1 4 25.000000 65.000000 99999.000000 5.000000 66 82.857143 -1 3 99999.000000 65.000000 25.000000
64 120.275054 30.162292 4 59 80.000000 -1 4 25.000000 5.000000 65.000000 99999.000000 61 157.142857 -1 4 5.000000 65.000000 99999.000000 25.000000 63 66.428571 -1 3 5.000000 99999.000000 65.000000 65 85.714286 -1 4 65.000000 99999.000000 5.000000 25.000000
65 120.281039 30.162358 4 58 65.714286 -1 4 25.000000 5.000000 65.000000 99999.000000 64 85.714286 -1 4 5.000000 25.000000 65.000000 99999.000000 66 65.714286 -1 3 5.000000 99999.000000 65.000000 67 82.857143 -1 3 65.000000 99999.000000 5.000000
66 120.281095 30.158143 3 63 82.857143 -1 3 25.000000 5.000000 99999.000000 65 65.714286 -1 4 25.000000 65.000000 99999.000000 5.000000 68 90.000000 -1 2 99999.000000 65.000000
67 120.287121 30.162424 3 57 67.142857 -1 3 5.000000 65.000000 99999.000000 65 82.857143 -1 4 5.000000 25.000000 65.000000 99999.000000 68 67.142857 -1 2 5.000000 99999.000000
68 120.287626 30.158312 2 66 90.000000 -1 3 25.000000 5.000000 99999.000000 67 67.142857 -1 3 25.000000 65.000000 99999.000000
69 120.257208 30.158254 2 62 78.571429 -1 3 65.000000 25.000000 99999.000000 70 65.714286 -1 4 5.000000 99999.000000 25.000000 65.000000
70 120.258146 30.162296 4 61 69.285714 -1 4 65.000000 5.000000 25.000000 99999.000000 69 65.714286 -1 2 65.000000 99999.000000 71 78.571429 -1 4 65.000000 5.000000 99999.000000 65.000000 80 257.142857 -1 2 99999.000000 25.000000
71 120.258968 30.167284 4 41 200.000000 -1 3 25.000000 5.000000 99999.000000 60 57.142857 -1 4 65.000000 25.000000 5.000000 99999.000000 70 78.571429 -1 4 65.000000 25.000000 99999.000000 5.000000 72 28.571429 -1 3 99999.000000 25.000000 25.000000
72 120.256298 30.167542 3 71 28.571429 -1 4 65.000000 25.000000 5.000000 99999.000000 73 88.571429 -1 3 99999.000000 25.000000 25.000000 74 257.142857 -1 3 99999.000000 65.000000 65.000000
73 120.250000 30.167122 3 72 88.571429 -1 3 25.000000 99999.000000 65.000000 74 130.000000 -1 3 5.000000 99999.000000 65.000000 76 111.428571 -1 3 99999.000000 5.000000 25.000000
74 120.243601 30.172475 3 72 257.142857 -1 3 25.000000 5.000000 99999.000000 73 130.000000 -1 3 25.000000 99999.000000 5.000000 75 131.428571 -1 3 99999.000000 65.000000 25.000000
75 120.240225 30.166923 3 74 131.428571 -1 3 5.000000 5.000000 99999.000000 76 90.000000 -1 3 65.000000 99999.000000 5.000000 77 171.428571 -1 3 5.000000 99999.000000 65.000000
76 120.244192 30.162558 3 73 111.428571 -1 3 25.000000 65.000000 99999.000000 75 90.000000 -1 3 5.000000 99999.000000 65.000000 79 157.142857 -1 3 99999.000000 5.000000 65.000000
77 120.230367 30.164194 3 11 342.857143 -1 5 25.000000 65.000000 65.000000 5.000000 99999.000000 75 171.428571 -1 3 25.000000 5.000000 99999.000000 78 157.142857 -1 2 99999.000000 25.000000
78 120.236728 30.155925 2 77 157.142857 -1 3 25.000000 5.000000 99999.000000 79 50.000000 -1 3 65.000000 99999.000000 25.000000
79 120.240270 30.155120 3 76 157.142857 -1 3 25.000000 65.000000 99999.000000 78 50.000000 -1 2 25.000000 99999.000000 80 50.000000 -1 2 25.000000 99999.000000
80 120.243303 30.153599 2 70 257.142857 -1 4 25.000000 5.000000 65.000000 99999.000000 79 50.000000 -1 3 5.000000 25.000000 99999.000000